0.744533 0.061039 -4.358793 180.718868 1.000000 0.747031 10.422089 180.470741
0.777478 -0.056242 0.710739 215.182171 1.000000 0.779510 -14.816575 214.672637
0.823992 0.049130 -12.224319 207.111751 1.000000 0.825456 0.124444 207.472157
0.837610 -0.029987 41.702386 216.125056 1.000000 0.838147 33.943211 217.478706
0.874087 -0.017522 -2.504826 251.612969 1.000000 0.874263 -7.547137 251.512228
0.798322 -0.035489 14.699742 208.759888 1.000000 0.799110 5.414115 209.206742
0.825828 -0.056824 34.286658 208.153093 1.000000 0.827780 19.916865 210.015723
0.837651 0.089249 -22.491382 219.333969 1.000000 0.842392 0.872887 220.482404
0.794084 -0.058168 2.395804 219.682477 1.000000 0.796211 -13.659839 219.270471
0.750174 0.047508 -6.653152 206.721820 1.000000 0.751677 6.425582 206.729019
0.862284 0.032431 2.041606 169.339258 1.000000 0.862894 8.404652 169.142881
0.819002 -0.033128 7.728488 225.693031 1.000000 0.819671 -1.399430 225.820981
0.789797 -0.088461 -4.469235 204.969092 1.000000 0.794735 -27.256382 203.197914
0.733755 -0.004200 -14.341158 206.757425 1.000000 0.733767 -15.524334 206.671954
0.776652 0.003308 -20.588063 197.289172 1.000000 0.776659 -19.747472 197.375082
0.805992 -0.046463 5.995017 204.422189 1.000000 0.807330 -5.779755 204.428388
0.815640 0.032824 -8.256537 222.427565 1.000000 0.816300 0.694140 222.579672
0.743472 -0.042327 17.101239 175.674840 1.000000 0.744675 7.088284 176.362858
0.789888 0.057085 -25.100412 221.871422 1.000000 0.791948 -9.042332 223.103552
0.818452 0.004103 23.981052 197.595284 1.000000 0.818462 24.971413 197.472570
0.845796 -0.071304 -0.612349 201.293941 1.000000 0.848796 -17.520004 200.530983
0.728718 -0.020838 -16.003398 191.542123 1.000000 0.729016 -21.471975 191.006408
0.845875 -0.050639 1.000647 200.767990 1.000000 0.847389 -10.998913 200.468977
0.760195 -0.014530 -1.263205 188.661659 1.000000 0.760334 -4.868367 188.603065
0.846930 0.079120 -17.510443 233.257426 1.000000 0.850618 4.261828 233.874923
0.733887 0.023162 -2.526456 175.349290 1.000000 0.734252 3.006235 175.341721
0.764843 -0.051815 18.380350 172.448549 1.000000 0.766596 6.682244 173.296529
0.838720 -0.035893 16.000777 206.676986 1.000000 0.839488 7.149510 207.172117
0.804116 -0.072392 27.032469 244.531465 1.000000 0.807368 4.997754 245.970352
0.841103 -0.073303 22.554044 255.294385 1.000000 0.844291 0.303620 256.288540
0.762726 -0.046973 8.700995 226.332181 1.000000 0.764171 -5.227842 226.439027
0.821256 0.070704 -14.236672 177.944457 1.000000 0.824294 1.078989 178.509799
0.813546 0.071225 7.852495 218.613318 1.000000 0.816658 26.888897 217.095444
0.789615 -0.076817 11.157812 208.354863 1.000000 0.793343 -9.069082 208.456224
0.719122 0.041046 -31.396207 189.869388 1.000000 0.720292 -20.525400 191.349979
0.792903 -0.036414 19.659897 208.770308 1.000000 0.793739 10.061482 209.452428
0.850303 -0.057064 17.934843 249.349703 1.000000 0.852216 1.198116 249.990995
0.789386 -0.005349 -4.382415 216.635282 1.000000 0.789404 -5.850158 216.600615
0.744443 -0.072847 -11.908606 169.085694 1.000000 0.747998 -28.319075 167.122162
0.781252 0.091478 -28.362659 214.336983 1.000000 0.786590 -3.243480 216.181088
0.838470 -0.037167 -31.721576 210.762552 1.000000 0.839294 -41.023725 209.151060
0.858333 0.066364 7.464658 212.237400 1.000000 0.860894 23.803192 211.030432
0.829276 -0.014878 -1.294943 207.590591 1.000000 0.829410 -5.018479 207.533962
0.727192 0.065638 -33.009111 186.488257 1.000000 0.730148 -16.110747 188.700597
0.782693 -0.038519 20.932751 196.386608 1.000000 0.783640 11.254185 197.178151
0.819408 0.070928 10.920127 215.504702 1.000000 0.822472 29.464143 213.760123
0.742265 0.029604 -8.696199 195.892080 1.000000 0.742855 -0.882579 196.083023
0.842600 -0.030640 -7.428992 219.903921 1.000000 0.843157 -15.415275 219.488710
0.817223 0.001360 8.271010 213.987333 1.000000 0.817224 8.627179 213.973270
0.758010 -0.015543 -2.890773 188.507255 1.000000 0.758170 -6.754591 188.408379
0.865405 0.044267 -53.686091 227.136580 1.000000 0.866536 -42.012797 229.582550
0.768427 0.063069 -3.053448 215.990527 1.000000 0.771011 14.625013 215.516451
0.783404 -0.026938 -33.173419 192.179648 1.000000 0.783867 -39.758233 190.926100
0.879380 0.009826 -0.246001 239.378366 1.000000 0.879435 2.428737 239.366171
0.807910 0.009633 -8.099172 182.122520 1.000000 0.807967 -5.927327 182.206135
0.761376 -0.079682 31.865840 177.998991 1.000000 0.765534 13.165487 180.348946
0.874613 -0.049965 57.455048 266.247724 1.000000 0.876040 42.175939 269.091292
0.813207 0.063027 -33.362770 198.484847 1.000000 0.815645 -17.925542 200.469409
0.830296 0.071341 -19.611086 230.260918 1.000000 0.833355 0.172940 231.094472
0.817324 0.042988 -8.704108 211.995706 1.000000 0.818454 2.442736 212.160255
0.848374 0.032652 0.442962 219.302829 1.000000 0.849002 8.876866 219.123545
0.861870 0.003129 12.875227 224.280857 1.000000 0.861876 13.689407 224.232634
0.820848 -0.055638 2.413961 186.926042 1.000000 0.822732 -10.232685 186.661363
0.741652 0.001395 -26.494716 194.936300 1.000000 0.741653 -26.128007 194.985790
0.727675 0.037094 -53.385339 165.288305 1.000000 0.728619 -44.901372 167.791790
0.759614 -0.001243 -1.444929 206.741250 1.000000 0.759615 -1.783228 206.738608
0.837967 -0.011280 -6.579721 231.647323 1.000000 0.838043 -9.696982 231.537780
0.724462 0.007941 8.543514 206.142081 1.000000 0.724506 10.802432 206.036057
0.851622 0.042300 20.825371 219.358311 1.000000 0.852672 31.681874 218.055093
0.875149 -0.049593 2.927746 253.318661 1.000000 0.876554 -11.409149 253.078539
0.858713 -0.044904 8.009732 189.178562 1.000000 0.859886 -1.880177 189.338715
0.880008 -0.000712 3.847254 250.845963 1.000000 0.880009 3.644412 250.848992
0.769905 -0.024354 -9.082130 206.409044 1.000000 0.770290 -15.603504 206.018711
0.772229 0.026034 0.437458 193.290196 1.000000 0.772668 6.949836 193.165709
0.840278 0.025412 -34.808749 225.175378 1.000000 0.840663 -27.986172 226.124687
0.820033 0.086816 -14.839158 231.693083 1.000000 0.824616 9.636200 231.967732
0.772903 -0.052169 24.493150 211.119280 1.000000 0.774661 10.219984 212.289464
0.740865 -0.046349 -18.268159 185.699448 1.000000 0.742314 -29.827235 184.196489
0.851145 0.009441 2.091615 239.675274 1.000000 0.851197 4.749821 239.637332
0.797795 0.058926 -2.651710 206.300999 1.000000 0.799969 12.551662 205.935887
0.723555 -0.040457 -13.567883 177.427342 1.000000 0.724685 -23.452005 176.393176
0.810642 0.038712 -43.123210 191.710513 1.000000 0.811566 -33.929447 193.549282
0.775374 0.004492 -14.705621 199.274456 1.000000 0.775387 -13.550887 199.356309
0.769344 0.004295 5.748351 200.840696 1.000000 0.769356 6.869468 200.805476
0.855412 0.039870 -12.650414 214.600006 1.000000 0.856341 -2.645224 214.956270
0.798319 -0.020374 18.200959 185.804221 1.000000 0.798579 13.454704 186.208094
0.731232 -0.018422 -2.216533 209.776543 1.000000 0.731464 -7.499166 209.654176
0.827334 -0.045811 16.835485 237.406815 1.000000 0.828602 3.684113 237.974488
0.778739 0.049655 -1.484394 188.629146 1.000000 0.780321 10.521950 188.341304
0.812873 -0.097306 17.227488 214.874753 1.000000 0.818676 -8.434095 215.399192
0.840609 0.020861 -7.474883 217.360298 1.000000 0.840868 -2.080087 217.478841
0.817995 0.048342 -8.466044 221.559305 1.000000 0.819423 4.619725 221.672862
0.813907 0.016886 -5.655319 204.460728 1.000000 0.814082 -1.413077 204.534044
0.841718 0.024274 -19.042103 215.894861 1.000000 0.842067 -12.810566 216.354067
0.764696 -0.074012 29.432976 189.327491 1.000000 0.768270 11.056950 191.282364
0.798070 0.027869 7.067634 205.685950 1.000000 0.798556 14.241576 205.314001
0.817128 -0.031370 9.512305 197.447540 1.000000 0.817730 1.930660 197.667113
0.712097 0.034237 -28.054525 205.155205 1.000000 0.712920 -18.169801 206.265782
0.818038 -0.076180 50.949387 174.723003 1.000000 0.821578 34.528819 178.694511
0.833361 0.040947 -5.611748 222.579492 1.000000 0.834366 5.318353 222.586696
0.783885 0.009886 16.284983 188.251003 1.000000 0.783947 18.657695 188.030665
0.886424 -0.009422 -30.915456 205.489628 1.000000 0.886474 -33.097888 205.149415
0.775525 -0.052929 -3.558844 219.980407 1.000000 0.777329 -18.529276 219.227532
0.807536 -0.065238 0.703848 199.738855 1.000000 0.810167 -15.382129 199.146920
0.739715 -0.060517 -18.007488 175.957064 1.000000 0.742186 -32.294902 173.902839
0.789811 -0.015776 -2.947824 223.499101 1.000000 0.789969 -7.410628 223.395659
0.851200 0.043535 5.948303 235.897455 1.000000 0.852313 17.989761 235.285699
0.772904 0.035409 -23.046423 177.337084 1.000000 0.773714 -14.906499 178.205991
0.809058 0.060885 -31.047048 232.037277 1.000000 0.811345 -13.546923 233.712854
0.818593 -0.008512 11.063349 214.252697 1.000000 0.818638 8.835012 214.356149
0.798709 -0.020611 2.758268 196.572015 1.000000 0.798975 -2.313593 196.577751
0.741097 -0.039106 -2.683779 219.184168 1.000000 0.742128 -14.229946 218.738225
0.749439 0.003176 -9.910467 206.828486 1.000000 0.749446 -9.033996 206.868622
0.893317 -0.009720 -10.021583 250.245147 1.000000 0.893370 -12.743624 250.121302
0.754234 -0.061472 38.000786 188.182139 1.000000 0.756735 22.588607 190.647140
0.842939 0.056656 -41.235857 198.673612 1.000000 0.844840 -27.819627 200.991712
0.840953 -0.020783 12.832720 228.927931 1.000000 0.841209 7.172860 229.175100
0.787097 0.068677 -61.795525 185.956951 1.000000 0.790088 -45.397532 190.624601
0.845514 -0.054591 9.875248 192.842809 1.000000 0.847274 -2.570277 193.078386
0.813670 -0.026326 6.157513 188.160284 1.000000 0.814095 0.069669 188.260996
0.779378 0.015256 -1.286233 179.142593 1.000000 0.779528 2.219997 179.133455
0.828680 -0.072720 18.311755 219.855815 1.000000 0.831864 -0.977850 220.614922
0.805952 -0.023658 9.270136 156.632298 1.000000 0.806299 4.670261 156.836861
0.755937 0.002326 -4.247873 208.165774 1.000000 0.755940 -3.607359 208.177859
0.779331 0.018540 8.138183 218.914113 1.000000 0.779552 13.342375 218.658638
0.842495 -0.024067 -7.919749 235.984531 1.000000 0.842839 -14.654981 235.662158
0.759002 -0.025552 -1.779514 187.934162 1.000000 0.759432 -8.101846 187.767878
0.814788 0.063645 9.692065 220.196438 1.000000 0.817270 26.810576 218.772942
0.776589 0.091722 -10.181791 210.338726 1.000000 0.781987 14.559752 210.081085
0.771789 0.027268 -12.077486 207.357084 1.000000 0.772271 -4.748289 207.654231
0.823456 -0.031363 27.145208 216.898870 1.000000 0.824053 18.870385 217.774862
0.824048 -0.067236 19.900220 217.704622 1.000000 0.826786 2.130108 218.601885
0.783778 0.029280 -17.400195 215.562967 1.000000 0.784325 -9.340834 216.062279
0.803010 0.095188 -41.835741 223.815255 1.000000 0.808632 -15.198384 227.183861
0.768498 0.012369 -10.171961 171.136295 1.000000 0.768598 -7.416476 171.277833
0.750371 0.051035 -11.702392 188.472528 1.000000 0.752105 1.113605 188.832200
0.842411 -0.015680 6.889861 209.267124 1.000000 0.842557 2.994235 209.359103
0.746162 -0.030142 -15.555391 177.087366 1.000000 0.746770 -22.690420 176.315201
0.832770 -0.071408 7.986768 206.087249 1.000000 0.835826 -9.649336 206.016099
0.782704 0.023857 -26.473013 214.774713 1.000000 0.783068 -19.917268 215.481554
0.715888 -0.038549 -3.821967 171.182604 1.000000 0.716926 -13.020814 170.729463
0.832913 0.052767 -28.067907 234.772843 1.000000 0.834583 -13.168148 236.077731
0.767433 0.034157 -11.749362 199.875378 1.000000 0.768193 -2.850415 200.200124
0.812644 0.029529 -23.589059 173.716508 1.000000 0.813181 -17.265358 174.458523
0.866996 0.058903 -38.220829 232.443958 1.000000 0.868994 -22.377205 234.500077
0.780468 0.090312 -13.436972 208.899425 1.000000 0.785675 10.664840 209.059281
0.845628 -0.007504 -12.775780 210.413744 1.000000 0.845661 -14.642438 210.292090
0.795147 0.045314 -38.876221 223.934612 1.000000 0.796437 -26.072348 225.783754
0.858477 0.040766 -10.329791 239.042943 1.000000 0.859444 1.020301 239.263855
0.834515 0.049258 -32.665255 229.399659 1.000000 0.835968 -19.091587 230.925819
0.815545 0.059890 -14.029247 192.576016 1.000000 0.817741 0.112303 193.086326
0.837138 0.085972 -5.969047 237.172366 1.000000 0.841541 18.291679 236.541276
0.800106 -0.021251 -0.809521 212.649612 1.000000 0.800388 -6.455299 212.553150
0.786543 0.023256 -11.078720 204.733659 1.000000 0.786887 -5.023200 204.971649
0.851114 -0.063775 39.736795 215.867080 1.000000 0.853500 23.495718 218.232812
0.878253 0.005957 -12.153311 234.938896 1.000000 0.878273 -10.559490 235.015925
0.802142 0.096690 -15.569893 231.671978 1.000000 0.807948 12.267103 231.870320
0.718593 0.019056 21.353950 182.449257 1.000000 0.718845 26.182965 181.819072
0.802350 -0.034245 18.048714 215.029645 1.000000 0.803080 8.863056 215.603689
0.861257 -0.040896 22.910744 208.943792 1.000000 0.862227 12.974552 209.795309
0.828718 -0.055690 26.866782 205.609391 1.000000 0.830587 13.020543 206.948088
0.801491 0.030540 -20.911512 231.424034 1.000000 0.802073 -12.084447 232.052453
0.865512 -0.038859 -1.170809 259.046353 1.000000 0.866384 -12.788284 258.733152
0.847282 0.064614 -43.295372 236.122185 1.000000 0.849742 -25.215331 238.730732
0.853733 0.012008 0.877184 211.368823 1.000000 0.853817 3.849796 211.335582
0.736693 0.056531 -34.682499 201.640788 1.000000 0.738859 -19.153059 203.703322
0.822171 -0.073681 21.239042 201.700106 1.000000 0.825466 3.150660 202.790786
0.821087 0.000442 9.117109 223.584606 1.000000 0.821087 9.237392 223.579669
0.710073 0.016220 -1.244858 178.588785 1.000000 0.710258 2.833735 178.570641
0.767337 0.038874 12.393258 185.666408 1.000000 0.768321 21.771262 184.801569
0.708577 0.005053 4.483003 191.172466 1.000000 0.708595 5.846179 191.135636
0.742532 0.076386 -0.165807 177.410297 1.000000 0.746450 17.989884 176.495907
0.771389 0.052938 -26.751581 191.553047 1.000000 0.773203 -13.574055 192.935124
0.782528 0.021553 -6.852362 223.279064 1.000000 0.782825 -0.702258 223.383084
0.799402 0.029338 -6.070512 202.309925 1.000000 0.799940 1.353339 202.396455
0.854414 -0.054614 4.110403 224.572376 1.000000 0.856158 -10.223382 224.377205
0.894531 -0.013461 32.207488 200.351055 1.000000 0.894633 29.189278 200.812981
0.847586 -0.054652 9.834468 230.932462 1.000000 0.849346 -5.045514 231.086697
0.760955 -0.041564 6.785448 164.599757 1.000000 0.762089 -2.201870 164.724844
0.768798 -0.069480 -9.890427 187.158648 1.000000 0.771931 -26.696020 185.508767
0.873382 -0.047657 4.360664 212.694802 1.000000 0.874681 -7.234421 212.616456
0.766513 -0.049776 4.385409 188.675571 1.000000 0.768128 -7.850381 188.563184
0.880392 0.025770 -16.131881 278.523471 1.000000 0.880769 -7.975757 278.876225
0.830138 0.017687 -23.231170 200.543642 1.000000 0.830326 -18.954031 200.992996
0.865911 0.015026 4.659866 262.840225 1.000000 0.866042 9.219483 262.719812
0.877664 0.002175 24.018135 237.154839 1.000000 0.877667 24.605647 237.094602
0.847701 0.024222 19.197695 248.424340 1.000000 0.848047 26.285418 247.774658
0.831154 0.032134 -1.057505 236.203882 1.000000 0.831775 8.068597 236.068401
0.860955 0.049649 -18.687967 220.554054 1.000000 0.862385 -5.959384 221.264133
0.768453 0.029699 -4.708631 188.956135 1.000000 0.769027 2.592090 188.997020
0.816961 -0.003713 5.223535 227.374880 1.000000 0.816969 4.189997 227.396274
0.811680 -0.037107 9.082030 211.291940 1.000000 0.812528 -0.576797 211.486251
0.796827 -0.041030 17.986816 212.191734 1.000000 0.797883 7.051284 212.835939
0.791323 -0.079643 48.722562 181.806011 1.000000 0.795321 30.271622 185.771210
0.768268 0.049399 5.057358 178.365066 1.000000 0.769854 16.492062 177.672973
0.820276 0.008706 -4.119077 212.947571 1.000000 0.820322 -1.858936 212.979293
0.891128 -0.022243 29.001152 194.729343 1.000000 0.891406 24.133027 195.392377
0.838487 0.011047 1.628077 231.670251 1.000000 0.838560 4.679943 231.628698
0.776776 0.022028 8.413596 194.771231 1.000000 0.777089 13.931486 194.454454
0.849405 0.053655 8.603259 225.136999 1.000000 0.851097 22.779351 224.146795
