0.737279 0.035243 8.914103 211.746612 1.000000 0.738121 19.014320 211.079474
0.776668 -0.014845 -13.292067 186.564658 1.000000 0.776810 -16.854889 186.276577
0.813365 -0.063494 25.569325 196.990616 1.000000 0.815839 10.160779 198.383094
0.844416 0.034897 -29.750019 204.928738 1.000000 0.845137 -21.262717 205.982398
0.774991 -0.068077 -2.552980 187.907556 1.000000 0.777975 -18.985996 186.963363
0.785273 -0.024382 27.283968 228.976327 1.000000 0.785651 20.164617 229.712781
0.871135 -0.002268 5.677082 224.229681 1.000000 0.871138 5.093388 224.243698
0.756204 0.013155 -13.347151 200.313350 1.000000 0.756319 -9.860870 200.515206
0.778131 -0.040960 20.560152 178.953735 1.000000 0.779208 11.124901 179.787085
0.820838 0.087498 -13.631864 181.240693 1.000000 0.825488 5.655523 181.664613
0.752352 0.038449 11.684406 154.329146 1.000000 0.753334 19.545968 153.531645
0.815277 -0.046706 22.357626 229.125747 1.000000 0.816613 9.216302 230.029414
0.770808 0.068336 -6.333069 196.823693 1.000000 0.773831 11.072881 196.614001
0.754712 -0.018779 -20.027522 185.352293 1.000000 0.754946 -24.632011 184.796748
0.739517 -0.064688 10.072486 160.855477 1.000000 0.742341 -3.982835 161.121309
0.817842 -0.074576 37.411849 196.673823 1.000000 0.821235 19.397358 199.258580
0.785294 0.092773 -10.741631 196.576366 1.000000 0.790755 12.395273 196.479026
0.882277 -0.015922 30.961615 226.315112 1.000000 0.882421 26.873029 226.836927
0.836606 0.077155 -21.062967 183.601161 1.000000 0.840156 -4.113160 184.759619
0.809143 0.082346 -38.437345 182.640297 1.000000 0.813322 -19.748148 185.593422
0.810324 -0.047316 -14.516737 209.338815 1.000000 0.811704 -26.694867 208.136636
0.854614 -0.024969 15.389623 232.704766 1.000000 0.854978 8.587085 233.054952
0.820835 0.029479 15.773651 216.837414 1.000000 0.821364 23.545782 216.131599
0.847252 -0.020056 -8.098936 228.694230 1.000000 0.847489 -13.508817 228.438516
0.856285 0.046446 -16.145973 206.503160 1.000000 0.857544 -4.937676 207.074545
0.712180 0.036605 -1.909108 182.816799 1.000000 0.713120 7.477422 182.673793
0.817021 -0.085097 23.128184 208.591951 1.000000 0.821441 1.394687 209.865600
0.839016 -0.013129 -22.118366 215.374571 1.000000 0.839119 -25.485419 215.002143
0.793854 -0.013951 -13.850052 223.536798 1.000000 0.793976 -17.775680 223.258928
0.783900 -0.057554 21.868093 190.326589 1.000000 0.786010 7.873071 191.416924
0.851267 -0.062626 24.599071 227.899869 1.000000 0.853568 7.811774 229.090464
0.760548 -0.036958 9.387940 183.925394 1.000000 0.761445 0.449638 184.164279
0.808258 -0.060935 36.753679 206.238607 1.000000 0.810551 21.145297 208.418024
0.757793 -0.013084 0.180148 214.627069 1.000000 0.757906 -3.524922 214.598197
0.866032 0.006611 13.752235 240.218799 1.000000 0.866057 15.585425 240.106831
0.812333 0.014142 -14.501397 192.308178 1.000000 0.812456 -11.151846 192.531458
0.803268 0.058964 -22.859195 188.353691 1.000000 0.805429 -9.008840 189.521757
0.797710 -0.065797 32.085895 233.977970 1.000000 0.800419 12.743431 235.823663
0.846170 -0.039989 -1.711381 198.718026 1.000000 0.847114 -11.090228 198.415699
0.770700 -0.076322 24.239112 167.705154 1.000000 0.774470 7.594157 169.277530
0.772992 0.018917 13.861290 214.713567 1.000000 0.773223 19.110223 214.310174
0.781968 0.042615 -28.767549 209.898518 1.000000 0.783128 -17.303119 211.152935
0.872159 0.006171 -20.654460 231.746448 1.000000 0.872181 -19.014215 231.886788
0.743579 -0.009867 19.323707 194.345573 1.000000 0.743644 16.743350 194.584859
0.781700 0.087618 -46.156511 223.303906 1.000000 0.786596 -20.995664 227.055588
0.716382 -0.016383 -4.467999 198.463604 1.000000 0.716569 -9.004282 198.309576
0.863580 -0.027757 -30.356325 222.177952 1.000000 0.864026 -37.478190 221.088068
0.824792 0.059035 9.673713 212.448926 1.000000 0.826902 24.816422 211.216174
0.825037 -0.039721 4.620731 200.522672 1.000000 0.825993 -5.027445 200.512887
0.749759 -0.019361 -1.277159 179.551947 1.000000 0.750009 -5.911698 179.459145
0.826248 -0.056318 43.527058 230.169855 1.000000 0.828166 27.773927 232.597025
0.883353 -0.024509 0.675431 219.562028 1.000000 0.883693 -5.414221 219.496302
0.806966 -0.023854 0.862616 216.801979 1.000000 0.807318 -5.543746 216.732806
0.852002 -0.052217 34.814297 225.399226 1.000000 0.853600 20.960710 227.106792
0.853373 0.055296 -13.564304 213.991513 1.000000 0.855163 0.301114 214.420772
0.856765 0.015739 7.777302 220.527162 1.000000 0.856910 11.826564 220.347108
0.817532 -0.041896 5.219981 211.050713 1.000000 0.818604 -5.588375 211.041280
0.766836 -0.045734 11.430720 201.196092 1.000000 0.768198 -0.567600 201.519742
0.784005 -0.050643 -6.511355 202.943626 1.000000 0.785639 -19.579626 202.101835
0.720009 -0.038228 13.907901 198.265545 1.000000 0.721023 3.376438 198.724069
0.818319 0.020034 -10.365884 172.067066 1.000000 0.818564 -6.151612 172.269221
0.792779 0.005011 23.796714 188.531598 1.000000 0.792795 24.987905 188.377418
0.829017 -0.083390 -2.945907 204.068511 1.000000 0.833201 -23.354987 202.749057
0.862529 0.033104 -20.264576 243.172789 1.000000 0.863164 -10.923469 243.771074
0.712513 0.012630 -17.231454 187.750496 1.000000 0.712625 -13.901119 188.026409
0.814042 0.032643 -31.401341 222.420359 1.000000 0.814696 -22.464315 223.499921
0.818515 -0.087062 21.416650 216.801454 1.000000 0.823132 -1.634315 217.850573
0.803868 -0.034690 -5.785715 194.611434 1.000000 0.804617 -14.170797 194.181032
0.846765 -0.070451 11.239201 218.283483 1.000000 0.849691 -6.898113 218.463761
0.839882 -0.030870 8.998499 217.369235 1.000000 0.840449 1.008305 217.553076
0.784878 -0.080852 52.869884 194.820183 1.000000 0.789031 32.628268 199.212260
0.839178 -0.064125 6.692801 240.723150 1.000000 0.841625 -11.667687 240.533352
0.773607 0.034359 -20.451739 214.903221 1.000000 0.774369 -10.896400 215.599017
0.769739 -0.000486 11.175230 202.458609 1.000000 0.769739 11.047427 202.465623
0.769904 0.017707 -12.791864 205.951104 1.000000 0.770107 -8.053180 206.190774
0.818422 -0.007591 11.261010 215.876057 1.000000 0.818457 9.258441 215.971211
0.816108 0.088471 -50.930627 193.985728 1.000000 0.820890 -29.727179 198.344867
0.837082 -0.011998 7.357524 249.336758 1.000000 0.837168 3.783225 249.416598
0.860568 -0.068233 -0.438275 220.390735 1.000000 0.863269 -17.856524 219.666595
0.805953 0.058365 -23.652205 219.090870 1.000000 0.808064 -7.765810 220.226993
0.862046 -0.017240 -9.819968 214.955062 1.000000 0.862219 -14.115911 214.715746
0.781082 -0.092417 35.369432 190.633241 1.000000 0.786530 12.725194 193.468599
0.723698 -0.013155 0.493613 193.469386 1.000000 0.723818 -3.022633 193.446403
0.804246 -0.061621 29.828528 230.610975 1.000000 0.806603 12.123661 232.215805
0.798162 0.009442 -28.181557 194.422991 1.000000 0.798218 -25.879860 194.742734
0.792088 0.056638 -12.482921 197.773369 1.000000 0.794110 1.654585 198.160014
0.722847 -0.029327 -0.680055 167.241631 1.000000 0.723442 -7.459210 167.076587
0.817142 -0.059636 13.298250 176.938000 1.000000 0.819315 0.384111 177.436613
0.849925 0.014430 -11.864896 228.195435 1.000000 0.850048 -7.989440 228.363966
0.815715 -0.014301 38.462714 207.516773 1.000000 0.815840 34.819108 208.159125
0.853103 0.017111 -20.622831 236.730554 1.000000 0.853275 -15.871385 237.096511
0.789358 -0.042706 3.918994 195.679777 1.000000 0.790513 -6.658015 195.605738
0.753048 0.016679 -24.419609 176.727544 1.000000 0.753233 -20.500392 177.224931
0.869124 0.046075 -53.138718 217.113893 1.000000 0.870344 -41.570406 219.622556
0.780702 0.073555 -24.141043 196.853045 1.000000 0.784160 -5.569610 198.249567
0.770337 0.008326 -1.245918 204.775226 1.000000 0.770382 0.967217 204.776732
0.786488 -0.002931 15.998972 205.769151 1.000000 0.786493 15.232097 205.827340
0.765606 0.021629 -25.451333 204.508538 1.000000 0.765912 -19.665899 205.145716
0.831534 -0.092513 28.684234 213.636446 1.000000 0.836664 4.885739 215.498135
0.865035 -0.058434 16.833631 203.175903 1.000000 0.867007 3.101942 203.848464
0.767508 -0.036601 11.095027 203.635013 1.000000 0.768381 1.382568 203.932358
0.766313 0.074144 -46.999102 219.342771 1.000000 0.769892 -25.657021 222.849465
0.807196 -0.080853 61.962551 237.229266 1.000000 0.811235 38.010219 242.223669
0.797665 -0.047288 -10.072678 226.206512 1.000000 0.799065 -23.441763 225.213962
0.801340 -0.044444 29.817341 223.466705 1.000000 0.802572 17.396712 224.774990
0.784298 0.028235 -16.421427 212.491459 1.000000 0.784806 -8.766061 212.944687
0.852952 0.047990 -4.998365 210.434138 1.000000 0.854301 6.830452 210.382639
0.868163 -0.019524 4.028347 232.267503 1.000000 0.868383 -1.194688 232.299361
0.816020 -0.072439 46.487108 236.837298 1.000000 0.819229 25.362999 240.020156
0.854409 0.047391 -27.707699 184.496088 1.000000 0.855722 -17.447530 185.747427
0.797100 -0.041760 30.135543 226.445233 1.000000 0.798193 18.247189 227.711736
0.860143 -0.071200 12.542736 200.182501 1.000000 0.863085 -4.013972 200.534889
0.850872 0.033347 10.007747 214.634599 1.000000 0.851525 18.405453 214.078036
0.768311 0.011292 -23.910959 198.726540 1.000000 0.768394 -20.987954 199.056468
0.818712 -0.064031 18.202801 205.599744 1.000000 0.821212 2.116617 206.393112
0.759899 0.087828 -13.637528 188.145380 1.000000 0.764958 8.054496 188.466950
0.762461 -0.004124 -2.624472 182.554800 1.000000 0.762472 -3.611930 182.537933
0.851809 -0.010739 -31.590094 234.134203 1.000000 0.851877 -34.539223 233.717353
0.834995 0.063083 20.240474 221.304158 1.000000 0.837374 36.854648 219.150501
0.842521 0.062924 -14.322189 201.775977 1.000000 0.844867 0.745505 202.282264
0.734566 0.068876 -23.542719 189.596301 1.000000 0.737788 -5.740057 190.966145
0.761548 -0.007245 28.562036 184.008917 1.000000 0.761582 26.810258 184.272302
0.786463 -0.081463 28.044387 213.325557 1.000000 0.790671 5.916172 215.079706
0.838545 -0.025700 6.743690 199.273221 1.000000 0.838938 0.635901 199.386283
0.791590 0.004803 11.316328 225.627527 1.000000 0.791605 12.685190 225.554707
0.758595 -0.051811 21.805843 186.249511 1.000000 0.760363 9.064156 187.302472
0.718613 0.006685 11.515802 174.785366 1.000000 0.718644 13.141266 174.670675
0.897698 -0.015363 -15.353257 213.255325 1.000000 0.897830 -19.000031 212.961393
0.776005 0.005660 4.895052 210.703057 1.000000 0.776026 6.431721 210.661749
0.793143 -0.040754 37.110513 190.564791 1.000000 0.794190 27.282792 192.218051
0.784701 -0.033112 9.058477 194.097675 1.000000 0.785399 0.867257 194.307003
0.726430 0.029587 14.340843 183.531057 1.000000 0.727032 21.797898 182.795406
0.853483 -0.002896 29.548475 217.953078 1.000000 0.853487 28.808692 218.052095
0.770292 -0.075284 16.815807 191.666583 1.000000 0.773962 -1.907564 192.393378
0.835706 -0.049182 16.830745 216.982585 1.000000 0.837152 4.054192 217.596598
0.728561 -0.031053 -10.907193 181.670981 1.000000 0.729223 -18.633558 181.041716
0.767660 0.001626 8.530203 181.332993 1.000000 0.767662 8.914247 181.314519
0.744215 0.001505 26.480099 164.336924 1.000000 0.744216 26.812357 164.283042
0.817461 0.003269 18.313941 179.626503 1.000000 0.817467 19.032095 179.551832
0.788682 0.041091 -17.323414 176.976920 1.000000 0.789752 -8.091751 177.638550
0.814689 0.019647 13.581169 222.588968 1.000000 0.814926 18.943473 222.196853
0.805429 -0.041797 -9.669335 193.140262 1.000000 0.806513 -19.665653 192.379622
0.779560 0.052307 -19.478711 199.195898 1.000000 0.781312 -6.099318 200.053053
0.839765 0.079813 -2.598593 235.696169 1.000000 0.843550 19.713638 234.884672
0.868688 -0.037362 11.067079 217.971757 1.000000 0.869491 1.690711 218.245981
0.762707 0.012186 7.398195 202.136572 1.000000 0.762804 10.626412 201.992590
0.723868 0.018644 3.083228 182.907059 1.000000 0.724108 7.791682 182.767033
0.797200 0.045663 17.509849 214.538118 1.000000 0.798507 29.749754 213.185720
0.772094 0.028865 -33.716704 204.355234 1.000000 0.772634 -26.058482 205.472220
0.819885 0.029357 10.575010 254.676266 1.000000 0.820410 19.681469 254.134749
0.779401 0.015585 -8.249096 196.855830 1.000000 0.779556 -4.311916 196.981402
0.816873 0.010670 6.089883 212.541908 1.000000 0.816943 8.865402 212.444237
0.785703 0.028971 10.284540 208.172694 1.000000 0.786237 17.948341 207.652353
0.838111 0.043878 -21.108908 205.928566 1.000000 0.839259 -10.313785 206.750541
0.818490 -0.032168 30.424738 195.099350 1.000000 0.819122 22.739550 196.143656
0.819122 -0.034578 16.596552 199.733513 1.000000 0.819852 8.157782 200.255767
0.731078 0.022949 3.568373 188.232405 1.000000 0.731438 9.472491 188.027773
0.794389 0.025129 -15.666993 203.548230 1.000000 0.794786 -9.223411 203.941818
0.806321 -0.024738 0.834390 206.632406 1.000000 0.806700 -5.502598 206.560812
0.731936 -0.042729 -23.472923 194.823262 1.000000 0.733182 -34.787210 193.124135
0.781518 -0.041982 39.895684 205.371755 1.000000 0.782645 28.821978 207.216112
0.798074 0.065631 -37.691065 191.250228 1.000000 0.800768 -21.889367 193.695952
0.769535 0.055593 9.332917 202.336218 1.000000 0.771541 23.887989 201.137794
0.708655 -0.032682 -13.726333 229.506303 1.000000 0.709408 -24.284823 228.630275
0.837541 0.056778 -10.095198 213.700292 1.000000 0.839463 4.381672 213.893732
0.862886 -0.031281 14.779801 191.681170 1.000000 0.863453 7.825912 192.090782
0.836714 0.056677 -27.819431 237.630252 1.000000 0.838632 -11.696184 238.967062
0.742000 -0.071943 34.101463 200.404651 1.000000 0.745480 14.602004 202.760241
0.887100 0.039548 9.908204 225.696761 1.000000 0.887981 19.950328 225.031520
0.735010 -0.025903 12.481891 171.666164 1.000000 0.735467 6.428166 171.999268
0.791111 0.012872 14.704304 225.089194 1.000000 0.791216 18.364353 224.820177
0.834297 0.077068 -24.003011 209.307894 1.000000 0.837849 -4.648535 210.628417
0.822626 0.073830 -31.462856 218.093587 1.000000 0.825933 -11.841513 220.032958
0.856119 -0.063004 32.052191 228.577275 1.000000 0.858434 15.189523 230.313248
0.752363 -0.072599 6.392136 157.334635 1.000000 0.755858 -8.749196 157.221177
0.786613 -0.013137 -22.824144 195.947781 1.000000 0.786722 -26.092888 195.539345
0.792514 0.032415 -0.162030 207.271811 1.000000 0.793176 8.308628 207.105279
0.786820 0.061067 -36.532660 161.127308 1.000000 0.789187 -23.955066 163.471096
0.806123 0.078679 -36.355171 214.749079 1.000000 0.809953 -15.322520 217.265013
0.764601 0.032755 3.927446 193.153484 1.000000 0.765302 12.190832 192.808394
0.789019 -0.000892 28.888170 225.368264 1.000000 0.789019 28.633463 225.400767
0.735128 0.011237 22.242158 204.609703 1.000000 0.735214 25.366721 204.245866
0.811566 -0.042667 3.427534 195.387697 1.000000 0.812687 -6.835272 195.298180
0.842652 -0.039400 14.280577 236.886825 1.000000 0.843573 3.200992 237.295294
0.762796 0.067373 -31.979493 195.738911 1.000000 0.765766 -14.634058 197.793462
0.811260 0.056683 21.823081 205.872043 1.000000 0.813238 36.119411 203.850271
0.822396 -0.004236 -35.886547 195.224281 1.000000 0.822407 -36.891644 195.036845
0.749908 -0.021596 -12.504512 214.361998 1.000000 0.750219 -18.670018 213.913206
0.744378 0.013473 -15.096758 190.461475 1.000000 0.744499 -11.647486 190.703491
0.817292 0.022662 -16.115597 189.845020 1.000000 0.817606 -10.847302 190.218769
0.831757 -0.042696 -3.508379 203.365233 1.000000 0.832852 -13.929285 202.917968
0.744475 -0.047807 0.186924 156.866689 1.000000 0.746008 -9.866050 156.556233
0.859634 -0.023666 9.799877 237.876933 1.000000 0.859960 3.249785 238.056531
0.878883 0.031979 -1.358030 218.596543 1.000000 0.879464 6.591517 218.501361
0.787911 0.006735 -29.479455 248.580281 1.000000 0.787939 -27.353751 248.823163
0.763764 0.080573 -19.474709 192.347196 1.000000 0.768002 0.812335 193.328860
0.738184 -0.057163 9.583800 186.070384 1.000000 0.740394 -4.810595 186.254920
0.767966 -0.048137 19.039290 187.659083 1.000000 0.769473 7.262305 188.482585
0.758429 -0.027625 24.177118 198.005750 1.000000 0.758932 16.953668 198.754581
0.840815 -0.082408 19.525911 199.778644 1.000000 0.844843 -0.054188 200.730578
0.735164 0.051674 -44.004923 182.989311 1.000000 0.736978 -31.066124 185.624398
0.865117 -0.026168 26.810537 216.037183 1.000000 0.865513 20.266658 216.749007
0.781787 -0.033044 12.393710 222.945844 1.000000 0.782485 2.967617 223.270344
0.774035 0.038726 -25.047673 203.671546 1.000000 0.775003 -14.839207 204.668714
0.829304 0.000848 9.607007 199.264716 1.000000 0.829305 9.810723 199.254790
0.840782 -0.011576 7.845064 202.592714 1.000000 0.840861 5.055292 202.681516
0.725483 -0.024048 -11.441351 204.236610 1.000000 0.725881 -18.201189 203.745464
0.761734 -0.082462 -13.818181 202.743043 1.000000 0.766184 -35.558474 200.078181
0.803408 -0.048644 20.838453 222.522048 1.000000 0.804880 7.352046 223.374686
0.824176 0.045857 16.633523 207.315890 1.000000 0.825451 28.125037 206.071674
0.806311 0.030240 -8.404791 223.541221 1.000000 0.806878 -0.021020 223.699168
0.828218 -0.087309 22.623084 195.390436 1.000000 0.832807 2.014238 196.685457
0.825047 -0.081892 51.094069 237.831665 1.000000 0.829102 27.353136 241.715351
0.853287 0.048481 -38.504248 232.803255 1.000000 0.854664 -25.236344 234.612573
0.782526 -0.067959 23.676916 169.676993 1.000000 0.785471 8.907717 171.089248
0.781182 -0.067516 -1.706742 173.114211 1.000000 0.784094 -16.606845 172.324275
0.798351 0.050399 -25.435669 227.272794 1.000000 0.799940 -11.066230 228.423805
0.794356 -0.007487 -3.597704 204.946826 1.000000 0.794391 -5.529220 204.903814
0.849284 -0.005011 -6.942705 256.497007 1.000000 0.849299 -8.456088 256.451575
0.894887 -0.014590 12.774464 210.997355 1.000000 0.895006 9.333282 211.177557
0.791764 0.037806 -24.029831 197.340157 1.000000 0.792666 -14.590345 198.261676
0.777573 -0.063713 4.355521 198.767401 1.000000 0.780179 -11.891336 198.459181
0.883748 -0.032002 21.304513 200.018551 1.000000 0.884328 14.052297 200.658505
0.709820 0.036326 -13.979697 189.685887 1.000000 0.710749 -4.266800 190.152471
0.732102 -0.000155 7.929734 184.502783 1.000000 0.732102 7.890591 184.504461
0.777924 0.061300 -39.270243 233.652116 1.000000 0.780336 -20.794199 236.014967
0.771802 0.070505 21.357777 213.773789 1.000000 0.775016 40.716836 210.944369
0.834437 0.052809 -26.189059 211.239046 1.000000 0.836106 -12.794712 212.471402
0.736493 0.018323 -20.191148 177.835734 1.000000 0.736721 -15.761898 178.282903
0.777133 -0.078896 29.521077 176.497877 1.000000 0.781127 11.543288 178.577006
0.850507 0.069764 -38.660705 200.057983 1.000000 0.853363 -22.176100 202.548925
0.741087 -0.072455 10.642740 221.216281 1.000000 0.744620 -10.933142 221.202118
0.749543 -0.015377 -11.646122 189.098324 1.000000 0.749701 -15.522347 188.819663
0.845292 -0.006318 -9.323782 196.421397 1.000000 0.845315 -10.791669 196.346219
0.886600 -0.020857 15.670983 218.551624 1.000000 0.886845 10.526716 218.859727
0.732297 -0.051136 -7.380074 181.139777 1.000000 0.734080 -19.980335 180.185655
0.820756 -0.010573 3.110303 208.606410 1.000000 0.820824 0.422952 208.629167
0.789865 -0.040769 68.835560 213.764814 1.000000 0.790917 57.725099 217.028899
0.859009 0.042125 5.303398 214.238609 1.000000 0.860041 15.790571 213.721701
0.793912 0.065419 -18.114592 234.745731 1.000000 0.796603 1.224457 235.440432
0.726913 0.021860 9.042669 189.235310 1.000000 0.727242 14.726778 188.877988
0.784028 -0.081693 18.608123 149.969497 1.000000 0.788272 2.965712 151.090426
0.740901 0.009214 10.415787 191.663315 1.000000 0.740959 12.798488 191.518964
0.728825 -0.014502 -17.755557 188.605979 1.000000 0.728970 -21.504067 188.215436
0.794294 -0.045730 25.191806 198.097373 1.000000 0.795609 13.763836 199.217854
0.810985 0.062360 -30.295149 226.291821 1.000000 0.813379 -12.856555 227.948444
0.723927 -0.011653 15.964408 193.081030 1.000000 0.724021 12.854700 193.312967
0.725289 -0.008756 26.974470 196.300780 1.000000 0.725342 24.602835 196.612102
0.843056 -0.038924 16.151466 222.558062 1.000000 0.843954 5.869600 223.066153
0.829137 -0.007826 -31.337423 225.295925 1.000000 0.829174 -33.462328 224.990135
0.768078 0.072282 5.275914 171.206498 1.000000 0.771472 21.293615 169.959060
0.748793 0.065730 8.787433 186.629189 1.000000 0.751673 25.073520 185.145866
0.793203 0.034536 -5.191686 216.331563 1.000000 0.793954 4.223256 216.352636
0.789490 0.024170 -22.947766 218.416103 1.000000 0.789860 -16.253456 219.016025
0.798698 -0.026480 8.641029 199.430969 1.000000 0.799137 2.028092 199.607780
0.788672 0.009994 -5.250670 193.264597 1.000000 0.788735 -2.801372 193.315613
0.795676 0.069498 -13.290853 191.916845 1.000000 0.798706 3.458911 192.345413
0.855770 -0.064541 33.032052 198.884703 1.000000 0.858200 17.981260 200.805667
0.820013 0.017043 -36.264442 220.373195 1.000000 0.820190 -31.677346 221.079173
0.775558 -0.059484 6.195304 213.304448 1.000000 0.777836 -10.135051 213.153583
0.829427 0.057541 -44.784193 243.629977 1.000000 0.831420 -27.815749 246.145229
0.778247 -0.014309 3.629720 198.215096 1.000000 0.778378 -0.014774 198.248326
0.811198 -0.057153 19.579253 210.140102 1.000000 0.813209 4.761923 210.996526
0.781083 -0.004214 20.264596 202.456854 1.000000 0.781094 19.172107 202.563229
0.741879 0.059522 -18.727581 182.500648 1.000000 0.744263 -4.072227 183.413810
0.757529 0.036950 10.563130 173.124938 1.000000 0.758430 18.985126 172.404724
0.747708 0.065312 -18.860391 172.863221 1.000000 0.750555 -3.746612 173.848699
0.730892 0.002800 -22.282119 169.974076 1.000000 0.730898 -21.630718 170.058200
0.753533 -0.029910 6.666743 159.218531 1.000000 0.754127 0.346700 159.357666
0.861159 -0.000982 -22.789171 234.736033 1.000000 0.861159 -23.056849 234.709892
0.815126 -0.055409 14.688345 224.459939 1.000000 0.817007 -0.568135 224.939300
0.727725 -0.049563 50.934487 205.453147 1.000000 0.729411 36.856503 208.439237
0.811724 -0.028145 -3.972096 204.216227 1.000000 0.812212 -11.046284 203.955938
0.787475 -0.028065 -1.412315 213.424158 1.000000 0.787975 -9.012901 213.238443
0.747576 0.078647 -13.608402 204.122721 1.000000 0.751702 7.822781 204.426216
0.849703 0.065214 -10.305950 197.506195 1.000000 0.852202 4.838341 197.715705
0.834329 0.086135 3.278572 223.623502 1.000000 0.838764 26.225629 222.104561
0.708598 0.018952 -31.089956 203.598679 1.000000 0.708852 -25.635517 204.357108
0.867166 0.051083 -28.895005 196.833245 1.000000 0.868670 -17.269921 198.191820
0.727665 -0.005010 18.715257 167.085287 1.000000 0.727682 17.564551 167.210169
0.751387 -0.027492 4.032395 199.591103 1.000000 0.751890 -3.268192 199.605078
0.715675 0.018893 41.584699 181.991902 1.000000 0.715924 46.372972 180.831102
0.765416 0.034901 -15.903876 216.402844 1.000000 0.766211 -6.030190 216.902653
0.801394 -0.005411 1.884066 204.165781 1.000000 0.801412 0.505502 204.173848
0.751789 0.015422 0.596736 216.872139 1.000000 0.751947 5.044572 216.814283
0.849969 0.019810 -2.981824 210.461820 1.000000 0.850200 1.922929 210.474158
0.866058 0.059608 3.524910 218.970101 1.000000 0.868106 18.552061 218.211253
0.852886 0.015829 -7.481806 223.289927 1.000000 0.853033 -3.337109 223.390314
0.790224 0.078428 -18.065500 223.514215 1.000000 0.794107 4.097752 224.205653
0.838949 -0.009914 2.140877 251.987578 1.000000 0.839008 -0.836985 251.995282
0.812408 0.064795 -28.937113 229.087522 1.000000 0.814988 -10.632207 230.662970
0.873230 0.036962 -31.255982 227.497901 1.000000 0.874012 -21.607044 228.616200
0.779984 0.052257 -8.923877 218.695067 1.000000 0.781732 5.715480 218.802425
0.736587 0.018946 9.305657 195.863230 1.000000 0.736831 14.338808 195.559195
0.741455 0.007739 14.213074 169.772951 1.000000 0.741495 15.984231 169.615361
0.780463 0.091042 -38.590894 224.067376 1.000000 0.785755 -12.369294 227.029616
0.817809 0.032145 -7.434383 241.558795 1.000000 0.818440 2.058829 241.664401
0.866194 0.029953 -6.095743 215.773587 1.000000 0.866711 1.364984 215.855359
0.804490 0.009799 22.043208 227.667181 1.000000 0.804550 24.814350 227.381829
0.764987 -0.064421 1.883799 169.422520 1.000000 0.767695 -12.339820 168.983040
0.747659 -0.032539 -9.569505 195.487479 1.000000 0.748367 -18.060214 194.886527
0.713906 -0.024635 7.495204 204.394257 1.000000 0.714331 0.441948 204.531159
0.806003 -0.085813 26.299880 214.928711 1.000000 0.810559 3.397720 216.505173
0.744051 0.032666 -22.961975 191.339417 1.000000 0.744768 -14.547648 192.162407
0.789980 0.050505 5.916298 208.542402 1.000000 0.791593 19.209638 207.740044
0.783551 0.010444 -31.306840 202.938543 1.000000 0.783620 -28.599375 203.337764
0.774182 -0.066242 11.399729 223.865469 1.000000 0.777011 -7.726880 224.022315
0.770147 0.034742 16.689241 190.238540 1.000000 0.770930 25.245518 189.293150
0.787805 -0.056553 15.798866 191.713231 1.000000 0.789832 2.031294 192.352387
0.873522 -0.029092 18.455922 228.729063 1.000000 0.874006 10.832393 229.216633
0.874729 0.045729 -22.226217 251.419091 1.000000 0.875923 -9.070076 252.236591
0.780196 0.074488 12.945334 185.037653 1.000000 0.783743 30.473001 182.969699
0.741826 0.017554 -15.995172 202.766976 1.000000 0.742033 -11.193861 203.088625
0.855746 0.000578 -25.573028 215.825944 1.000000 0.855747 -25.427362 215.843154
0.719821 0.018276 -42.480784 233.721715 1.000000 0.720053 -36.534822 234.724656
0.798353 0.085689 -17.869427 189.424050 1.000000 0.802938 2.447757 190.249298
0.771908 -0.049112 10.740051 202.571876 1.000000 0.773468 -2.144114 202.845055
0.845364 -0.054987 14.966282 187.805551 1.000000 0.847150 2.744632 188.380949
0.846694 -0.015011 -23.823543 232.035767 1.000000 0.846827 -27.932883 231.577012
0.751074 -0.027031 16.198540 195.844720 1.000000 0.751560 9.144248 196.300611
0.885970 -0.002686 4.191882 247.470805 1.000000 0.885974 3.441543 247.482377
0.764080 0.073579 -25.212190 234.392797 1.000000 0.767614 -2.628490 235.730204
0.772787 -0.094882 24.002536 171.557201 1.000000 0.778589 2.917009 173.203597
0.752183 -0.023715 -1.127056 202.864554 1.000000 0.752556 -7.519225 202.728288
0.855635 -0.004262 13.429835 212.623893 1.000000 0.855646 12.370539 212.688152
0.782237 0.065568 -18.480255 209.528214 1.000000 0.784980 -0.914264 210.339621
0.757535 -0.016334 17.328597 178.908295 1.000000 0.757711 13.467940 179.240266
0.871696 0.060810 -20.162517 268.198235 1.000000 0.873814 -1.449435 268.951147
0.788962 -0.004983 -4.338753 166.746656 1.000000 0.788978 -5.391901 166.715925
0.831005 0.021818 -11.459378 199.722500 1.000000 0.831292 -6.213626 199.954458
0.807245 -0.053860 17.547577 238.490990 1.000000 0.809039 1.631740 239.130105
0.857043 0.047645 -28.841551 248.602754 1.000000 0.858366 -14.997952 249.820387
0.803344 -0.006337 25.220807 208.545247 1.000000 0.803369 23.575029 208.737699
0.793207 0.070841 -2.261529 207.897857 1.000000 0.796364 16.241220 207.274833
0.860489 0.014329 -0.352421 250.296263 1.000000 0.860608 3.815152 250.267433
0.853414 0.011875 34.146766 208.336714 1.000000 0.853497 37.042064 207.841463
0.767442 0.008099 -5.181598 200.723924 1.000000 0.767485 -3.063040 200.767428
0.856735 -0.006308 -5.682586 226.331483 1.000000 0.856758 -7.348701 226.283514
0.786386 -0.057516 -32.792330 207.753455 1.000000 0.788486 -47.859390 204.807993
0.706361 -0.010611 3.482571 182.918817 1.000000 0.706441 0.734549 182.950492
0.823601 0.036032 18.269608 231.277494 1.000000 0.824389 28.360832 230.257945
0.747429 -0.080931 50.428920 232.117469 1.000000 0.751798 25.148370 236.197279
0.842956 0.008389 -3.110745 204.465067 1.000000 0.842997 -1.075776 204.485899
0.780917 -0.009648 25.832125 212.835076 1.000000 0.780977 23.200753 213.137968
0.829852 -0.010615 38.249539 199.727372 1.000000 0.829919 35.691795 200.200265
0.794411 -0.008642 15.937162 186.273045 1.000000 0.794458 13.910028 186.435382
0.798098 -0.020204 30.167959 189.730296 1.000000 0.798354 25.356747 190.432997
0.719640 -0.003238 23.137628 189.956843 1.000000 0.719647 22.282646 190.059032
0.740145 0.013034 6.156536 186.639511 1.000000 0.740260 9.441836 186.502176
0.747314 -0.074686 15.243338 201.028464 1.000000 0.751037 -4.823258 201.547858
0.845232 -0.056042 0.837347 242.908988 1.000000 0.847088 -15.234855 242.432211
0.867514 -0.026718 9.877498 225.440692 1.000000 0.867925 2.932806 225.637917
0.848762 0.065426 -47.145245 276.776727 1.000000 0.851280 -25.733713 279.581485
0.793455 0.039966 -9.482271 198.988178 1.000000 0.794461 0.540098 199.213245
0.834024 0.000126 -8.989125 209.913669 1.000000 0.834024 -8.957417 209.915024
0.770464 -0.038942 17.707515 188.118706 1.000000 0.771447 8.188875 188.772736
0.818532 0.071221 -47.448392 217.588448 1.000000 0.821625 -28.408420 220.882421
0.826111 -0.031112 -5.331912 223.997952 1.000000 0.826697 -13.758161 223.638603
0.794650 0.070748 -16.181252 223.365546 1.000000 0.797793 3.690352 223.920480
0.745771 -0.036093 8.188634 193.533701 1.000000 0.746644 -1.176363 193.703287
0.799572 -0.008138 5.185608 219.896993 1.000000 0.799613 2.947311 219.938381
0.805303 -0.000581 37.409139 207.504093 1.000000 0.805303 37.259341 207.531043
0.723904 0.039330 -28.293005 156.104513 1.000000 0.724971 -19.782653 157.409529
0.772083 -0.041684 -15.385891 187.499001 1.000000 0.773208 -25.471677 186.396874
0.749159 0.019911 -28.558015 192.022820 1.000000 0.749423 -23.446300 192.713764
0.841303 0.071989 -27.760134 238.762178 1.000000 0.844377 -7.302891 240.259589
0.783096 0.048282 -24.831202 193.543336 1.000000 0.784583 -12.873737 194.704593
0.745277 0.039516 10.558476 199.417466 1.000000 0.746324 21.102454 198.578684
0.809206 -0.067423 -18.125930 224.540322 1.000000 0.812010 -36.707501 222.259904
0.845184 -0.077279 13.433090 222.041736 1.000000 0.848710 -6.840677 222.342496
0.868453 0.000587 -1.843951 243.891003 1.000000 0.868454 -1.679171 243.892193
0.832679 0.022050 -47.636334 204.368743 1.000000 0.832971 -42.209775 205.558115
0.827814 -0.062208 64.473804 202.717124 1.000000 0.830148 49.101830 206.978536
0.863199 -0.020206 25.292599 214.208896 1.000000 0.863436 20.272749 214.742130
0.866922 0.022181 -0.208484 192.004800 1.000000 0.867206 4.702654 191.947315
0.788549 -0.050302 -22.979901 197.773590 1.000000 0.790152 -35.523717 195.909505
0.827258 0.057293 -36.501840 211.811872 1.000000 0.829239 -21.780409 213.827658
0.746275 0.003954 5.739028 185.553781 1.000000 0.746286 6.721979 185.520773
0.875114 0.043026 -47.900306 245.824895 1.000000 0.876172 -35.770882 247.880541
0.870857 0.006076 10.094866 234.724832 1.000000 0.870878 11.732158 234.648694
0.785950 0.023004 26.156919 210.296334 1.000000 0.786287 32.298386 209.441034
0.799521 0.066071 -25.892902 171.682586 1.000000 0.802247 -11.665700 173.231822
0.876632 0.046076 -7.441122 238.223139 1.000000 0.877842 5.072888 238.285333
0.793138 0.012263 -0.859879 199.772587 1.000000 0.793233 2.228608 199.762006
0.826725 -0.015913 -13.818311 181.354809 1.000000 0.826878 -17.305853 181.055295
0.753565 0.056556 -8.297942 228.014596 1.000000 0.755684 8.789984 227.996158
0.794445 -0.034724 11.198350 216.342462 1.000000 0.795204 1.740630 216.625101
0.798879 -0.001584 -5.153785 159.512596 1.000000 0.798881 -5.469989 159.502066
0.858215 0.019582 -26.945892 219.627692 1.000000 0.858438 -21.928838 220.185218
0.808448 -0.092088 6.945225 204.511699 1.000000 0.813676 -16.245184 203.983738
0.755508 0.036377 -23.902914 173.245323 1.000000 0.756383 -15.543366 174.194417
0.845337 -0.040170 3.909924 230.357271 1.000000 0.846290 -7.028655 230.283212
0.866063 -0.050686 61.900482 212.689232 1.000000 0.867545 49.368406 215.942445
0.854856 0.055916 32.837005 248.764776 1.000000 0.856683 49.004027 246.091015
0.792181 0.038697 -14.331640 251.805320 1.000000 0.793125 -2.029007 252.204675
0.896298 -0.006992 5.874728 255.588037 1.000000 0.896325 3.880676 255.626089
0.771190 0.016765 -24.794478 183.340480 1.000000 0.771373 -20.803998 183.836045
0.807797 0.061845 -21.652090 224.535458 1.000000 0.810161 -4.448664 225.533133
0.822824 0.046965 -9.456386 216.234511 1.000000 0.824163 2.881176 216.422008
0.830825 0.083471 -4.564798 186.145197 1.000000 0.835008 14.066039 185.669109
0.759279 -0.012828 6.021197 194.901904 1.000000 0.759388 2.727935 194.975807
0.774746 0.076527 -41.558837 231.803495 1.000000 0.778517 -18.571531 234.766044
0.818408 0.081303 -7.910546 187.126933 1.000000 0.822436 10.626780 186.992346
0.865700 -0.022214 -11.911266 218.761125 1.000000 0.865985 -17.518820 218.383606
0.883345 0.050451 -22.084826 257.960269 1.000000 0.884784 -7.339870 258.799857
0.869005 0.069235 -13.372096 209.920914 1.000000 0.871759 3.342021 210.319838
0.777673 -0.023956 -9.739641 234.873881 1.000000 0.778041 -16.966932 234.462628
0.791379 -0.018427 -12.973201 192.985993 1.000000 0.791593 -17.462080 192.631703
0.820189 0.032097 -4.002689 190.125668 1.000000 0.820817 3.434959 190.136773
0.756386 -0.078955 53.009219 194.246687 1.000000 0.760496 32.555963 198.700432
0.808226 0.021534 -35.093709 199.778136 1.000000 0.808513 -29.760311 200.641959
0.796526 -0.020976 -6.952407 186.433079 1.000000 0.796802 -11.857999 186.185437
0.732691 -0.057665 32.227112 188.388139 1.000000 0.734957 17.346760 190.335933
0.844053 -0.073909 5.571922 200.344216 1.000000 0.847282 -11.925360 200.066582
0.882702 -0.044076 -27.185337 247.843162 1.000000 0.883802 -39.511689 246.179004
0.839007 0.035966 -24.468291 229.049679 1.000000 0.839777 -14.635988 229.887452
0.876635 0.001350 -20.889509 201.144642 1.000000 0.876636 -20.579648 201.176581
0.767262 0.048215 -2.811366 193.412745 1.000000 0.768776 9.324239 193.208314
0.843288 -0.029632 7.241634 222.211402 1.000000 0.843809 -0.566288 222.328648
0.752151 -0.038538 15.810624 231.761709 1.000000 0.753137 3.930595 232.267122
0.703688 -0.022766 -7.874893 203.543818 1.000000 0.704056 -14.452524 203.182737
0.805826 0.005589 2.512673 228.742449 1.000000 0.805845 4.099006 228.719522
0.830983 0.029185 -7.370215 223.368660 1.000000 0.831495 0.474407 223.489716
0.841441 0.054542 -11.981762 205.176284 1.000000 0.843207 1.314932 205.521632
0.849254 -0.058923 24.564514 203.887448 1.000000 0.851296 10.393407 205.098718
0.734716 -0.052851 22.738473 182.252561 1.000000 0.736614 9.603608 183.414299
0.746848 -0.023509 -13.119624 200.602207 1.000000 0.747218 -19.424363 200.090140
0.798046 0.076222 -48.000973 239.365748 1.000000 0.801678 -25.025090 242.845217
0.759507 0.014890 -29.676793 197.684458 1.000000 0.759653 -25.796284 198.228173
0.821072 0.034635 -33.793162 243.361257 1.000000 0.821802 -23.506524 244.569259
0.734702 -0.070294 41.641818 193.402319 1.000000 0.738057 23.032448 196.489196
0.790786 0.011031 1.648018 166.424170 1.000000 0.790863 3.969046 166.384996
0.787200 0.059124 8.740590 198.454934 1.000000 0.789417 23.579434 197.242919
0.792589 -0.043002 -5.851839 222.977984 1.000000 0.793754 -17.923202 222.333498
0.815252 0.012348 -32.811144 212.086194 1.000000 0.815346 -29.595569 212.558762
0.811147 0.092152 -26.647531 223.296235 1.000000 0.816365 -1.271394 224.877040
0.775563 -0.075197 6.852888 191.917970 1.000000 0.779200 -11.700263 191.683524
0.820883 0.048443 15.421076 214.951382 1.000000 0.822311 28.057148 213.669611
0.867487 -0.046537 -5.528254 235.723851 1.000000 0.868735 -18.147642 235.089257
0.859379 0.061883 -25.113145 218.975704 1.000000 0.861604 -9.320905 220.213872
0.846798 0.039576 -13.550116 202.621008 1.000000 0.847723 -4.076078 203.032668
0.733521 0.006304 26.613161 196.588698 1.000000 0.733549 28.301544 196.352741
0.746067 -0.041893 22.746566 206.190373 1.000000 0.747242 11.150945 207.141335
0.828653 -0.058192 6.905810 197.780935 1.000000 0.830694 -6.966151 197.778819
0.763536 -0.062723 54.584250 218.852705 1.000000 0.766108 36.482967 222.586927
0.855207 0.044184 -26.803246 218.277721 1.000000 0.856347 -15.505369 219.369918
0.824541 0.029644 -6.738512 205.334548 1.000000 0.825074 0.643331 205.444081
0.813852 0.045788 -3.921650 194.050025 1.000000 0.815139 6.984686 193.963928
0.790896 0.015958 8.895081 213.503891 1.000000 0.791057 13.200241 213.281006
0.840635 0.018732 16.772305 233.507788 1.000000 0.840843 21.970175 233.076187
0.803686 -0.016212 -4.876822 202.230065 1.000000 0.803850 -8.954429 202.090575
0.835276 -0.066965 -5.323299 203.143176 1.000000 0.837956 -21.540404 202.068054
0.784175 -0.022774 19.360537 193.397085 1.000000 0.784505 13.738175 193.877604
0.837971 -0.005554 -11.720878 228.961550 1.000000 0.837989 -13.238073 228.878841
0.795572 -0.031192 6.953503 206.607521 1.000000 0.796183 -1.145955 206.721324
0.852631 0.041730 -6.016629 233.312735 1.000000 0.853651 5.395801 233.327919
0.888184 -0.035997 0.441772 178.837671 1.000000 0.888913 -6.800785 178.708861
0.766863 0.027586 -27.661173 174.364001 1.000000 0.767359 -21.375048 175.245692
0.745939 0.076188 -32.575646 217.681103 1.000000 0.749820 -10.288884 219.864445
0.863270 -0.038613 15.127311 222.112982 1.000000 0.864133 5.187297 222.567078
0.838326 0.015019 19.021525 229.879851 1.000000 0.838461 23.136253 229.502240
0.849282 0.075710 -27.434493 216.413777 1.000000 0.852650 -8.110045 217.994958
0.812270 -0.007003 -4.700032 201.378018 1.000000 0.812300 -6.436047 201.330012
0.835043 -0.037635 -5.604794 251.223098 1.000000 0.835891 -16.910008 250.715995
0.783186 0.036334 14.337158 189.641965 1.000000 0.784029 23.110218 188.773798
0.815414 -0.027920 7.227712 243.373062 1.000000 0.815891 -1.104849 243.477857
0.791510 0.010793 -21.067918 196.351465 1.000000 0.791583 -18.388652 196.620478
0.851077 -0.014429 19.649952 247.867046 1.000000 0.851200 15.445533 248.164519
0.790310 -0.013275 -16.771806 196.143748 1.000000 0.790421 -20.063560 195.834412
0.855461 -0.038959 7.464457 197.090495 1.000000 0.856348 -1.509865 197.226016
0.813549 0.062229 -5.746381 199.592318 1.000000 0.815925 9.492959 199.449237
0.832570 -0.042465 -14.109999 205.062530 1.000000 0.833653 -24.537363 204.077561
0.865848 0.049018 -38.619281 239.214969 1.000000 0.867235 -25.036596 241.015392
0.797724 -0.026768 24.366680 227.817852 1.000000 0.798173 16.712711 228.506879
0.712755 0.010018 -22.528542 197.311780 1.000000 0.712825 -19.753206 197.608918
0.768937 0.029262 -39.166105 189.402997 1.000000 0.769494 -31.935127 190.755410
0.853184 -0.023953 4.767509 216.006364 1.000000 0.853520 -1.296420 216.055080
0.861489 0.042775 12.868214 235.588815 1.000000 0.862551 24.535518 234.660796
0.857562 -0.000905 -0.030728 213.472131 1.000000 0.857562 -0.256077 213.471979
0.733208 -0.033461 -4.353725 166.992923 1.000000 0.733971 -11.962311 166.620810
0.769711 0.041047 9.505072 185.272216 1.000000 0.770805 19.357637 184.503177
0.892460 0.002773 -0.324832 226.355969 1.000000 0.892464 0.378403 226.355886
0.779220 -0.011085 -18.928278 227.054925 1.000000 0.779299 -22.155924 226.762726
0.769074 -0.015721 14.511413 189.772444 1.000000 0.769234 10.629883 190.029385
0.748216 -0.000658 4.374937 226.385335 1.000000 0.748216 4.175788 226.389096
0.805477 -0.026105 16.007816 178.707698 1.000000 0.805900 10.210567 179.132454
0.732781 -0.029476 22.336778 167.746761 1.000000 0.733374 15.576545 168.508987
0.717750 -0.022917 -26.667696 191.885336 1.000000 0.718115 -32.777693 190.936563
0.830719 0.008158 6.827401 236.837160 1.000000 0.830759 9.152667 236.758701
0.791286 -0.043063 4.107340 194.107130 1.000000 0.792457 -6.446694 194.043521
0.769474 -0.050632 7.867565 201.357253 1.000000 0.771138 -5.370415 201.439322
0.855562 -0.007789 -7.193064 240.494546 1.000000 0.855597 -9.382061 240.419101
0.821530 0.033503 -28.797199 230.986291 1.000000 0.822213 -19.361282 231.967855
0.707375 -0.031150 57.892148 176.670518 1.000000 0.708061 50.063761 179.046342
0.830139 -0.070354 15.745413 226.186871 1.000000 0.833115 -3.411722 226.708577
0.753670 -0.025327 18.693117 220.360253 1.000000 0.754095 11.281688 220.863753
0.827783 -0.007374 24.057304 224.320012 1.000000 0.827815 22.058253 224.525400
0.821536 0.060040 -39.678402 229.735638 1.000000 0.823727 -22.827827 232.016658
0.783487 -0.026565 -2.407340 184.307355 1.000000 0.783937 -8.651416 184.119932
0.723013 -0.016509 -11.236830 188.162889 1.000000 0.723202 -15.529344 187.857336
0.734947 0.011324 -5.436624 180.847689 1.000000 0.735034 -2.649784 180.909984
0.800916 -0.015143 16.238158 191.002843 1.000000 0.801059 12.624710 191.275667
0.807555 0.030188 -2.440946 210.290505 1.000000 0.808119 5.416460 210.234908
0.820263 -0.059432 -7.311593 214.671343 1.000000 0.822414 -22.805877 213.581687
0.812547 -0.026753 -8.348727 204.921003 1.000000 0.812988 -15.087658 204.535282
0.775342 -0.054285 4.147396 228.685228 1.000000 0.777240 -11.834780 228.416445
0.861843 0.021841 -13.361077 249.584674 1.000000 0.862120 -7.033733 249.843060
0.816866 -0.014877 1.822639 221.443225 1.000000 0.817002 -2.209960 221.439698
0.828174 -0.045123 24.071950 189.198923 1.000000 0.829402 13.742983 190.228341
0.874557 -0.027103 15.900508 251.266056 1.000000 0.874977 8.109649 251.638016
0.738066 0.051340 -3.541691 199.814648 1.000000 0.739849 10.332491 199.578748
0.775351 -0.014509 17.099013 215.512742 1.000000 0.775487 13.063766 215.794940
0.707124 -0.011693 27.076834 192.288767 1.000000 0.707221 23.893939 192.710157
0.817063 -0.024125 30.641201 223.870143 1.000000 0.817420 24.020646 224.676952
0.855354 -0.047880 46.212925 226.584923 1.000000 0.856693 33.476941 228.813584
0.849528 0.077037 -16.768002 231.642834 1.000000 0.853014 4.220470 232.210586
0.849060 0.072391 -20.599561 239.101577 1.000000 0.852141 -0.213060 239.987209
0.758503 -0.054897 -0.969256 214.915046 1.000000 0.760487 -16.480848 214.284386
0.874325 0.038964 -0.247618 222.695395 1.000000 0.875192 9.667146 222.485609
0.825323 -0.014162 -8.547704 208.146094 1.000000 0.825444 -12.117689 207.968799
0.713276 0.034543 -39.464702 206.573417 1.000000 0.714112 -29.426034 208.240600
0.720492 0.006262 7.461041 187.960530 1.000000 0.720519 9.094338 187.888587
0.820379 -0.024348 12.396251 207.202843 1.000000 0.820740 6.243923 207.479393
0.831141 -0.023487 -35.633800 205.619862 1.000000 0.831472 -41.427868 204.531238
0.779368 0.018112 -14.534642 194.298742 1.000000 0.779579 -10.016443 194.583986
0.794025 -0.030879 -2.682671 194.061974 1.000000 0.794626 -10.221754 193.811151
0.743379 0.042003 -35.712945 186.060062 1.000000 0.744565 -25.159865 187.778439
0.849783 -0.001105 7.066232 227.663224 1.000000 0.849783 6.770135 227.672222
0.867986 -0.037845 -16.706782 215.785978 1.000000 0.868811 -26.090534 214.853413
0.783298 0.040778 -4.142890 192.079164 1.000000 0.784359 5.848761 192.034790
0.745045 0.027667 -27.699212 220.683998 1.000000 0.745558 -19.490707 221.559892
0.755804 -0.039558 7.493618 207.193846 1.000000 0.756839 -3.346095 207.302310
0.809760 -0.022223 -9.945842 226.995235 1.000000 0.810065 -16.169375 226.636952
0.824709 -0.064243 3.074502 213.137431 1.000000 0.827208 -13.487616 212.732464
0.761799 0.060791 -2.090871 209.159286 1.000000 0.764220 14.553608 208.662817
0.879403 -0.020973 52.232860 203.219151 1.000000 0.879653 47.372742 204.406748
0.817061 -0.060852 32.340710 198.158785 1.000000 0.819324 17.533912 200.013469
0.805351 0.013067 21.389631 209.515839 1.000000 0.805457 24.785932 209.141246
0.791354 -0.025195 0.645934 191.451967 1.000000 0.791755 -5.446669 191.375565
0.836963 0.061621 -30.446070 211.167718 1.000000 0.839229 -14.858648 212.833242
0.858669 -0.052467 28.129123 199.708046 1.000000 0.860270 15.896744 201.051846
0.793893 -0.029731 39.908574 196.319854 1.000000 0.794450 32.533593 197.675858
0.739066 0.004690 -23.937249 216.430935 1.000000 0.739081 -22.563461 216.578466
0.750790 -0.078335 -7.565825 189.420009 1.000000 0.754866 -27.181830 187.612179
0.748942 0.033431 7.826706 195.276616 1.000000 0.749688 16.526880 194.733346
0.810957 -0.014344 3.726109 204.723337 1.000000 0.811084 0.104925 204.757216
0.759740 -0.005072 -22.453039 197.229152 1.000000 0.759756 -23.769173 197.074869
0.815417 -0.051252 16.692023 223.458906 1.000000 0.817026 2.641639 224.065901
0.812634 0.039384 16.760007 224.406727 1.000000 0.813588 27.603481 223.332319
0.788998 -0.071673 23.704615 176.475801 1.000000 0.792247 7.642044 177.896645
0.756089 0.020145 4.293981 217.827720 1.000000 0.756357 10.094022 217.636083
0.829155 0.006094 10.989450 241.968196 1.000000 0.829177 12.767504 241.880894
0.814976 0.048753 -30.317496 215.796666 1.000000 0.816433 -17.377125 217.221976
0.848685 -0.044709 20.924781 197.180862 1.000000 0.849862 10.522731 198.008614
0.725645 0.031630 -24.348237 175.843760 1.000000 0.726334 -16.667497 176.737260
0.833245 -0.006592 11.338281 230.740633 1.000000 0.833271 9.512655 230.823105
0.775719 -0.037133 5.369773 193.778599 1.000000 0.776607 -3.901698 193.813716
0.795385 -0.030666 25.806006 193.608742 1.000000 0.795976 18.327786 194.459217
0.744462 -0.000515 -5.557819 191.210707 1.000000 0.744462 -5.690120 191.206816
0.840981 -0.001163 -22.861752 225.923960 1.000000 0.840982 -23.174147 225.892130
0.851334 0.069350 -26.276645 216.924278 1.000000 0.854154 -8.577476 218.341547
0.815012 -0.063364 20.572004 222.633112 1.000000 0.817471 3.253315 223.557881
0.745329 0.016375 4.272871 163.692022 1.000000 0.745509 7.867350 163.558675
0.825320 -0.023427 -8.555510 217.791583 1.000000 0.825653 -14.731713 217.461139
0.777704 -0.053265 0.073556 197.843711 1.000000 0.779526 -13.445380 197.386325
0.836367 0.003162 -1.865548 203.336522 1.000000 0.836373 -1.096682 203.342123
0.793392 -0.034726 65.129274 209.194315 1.000000 0.794151 55.919449 211.842156
0.775430 -0.019471 -15.398464 166.787545 1.000000 0.775674 -19.580355 166.348452
0.754270 0.069613 -0.958301 204.267969 1.000000 0.757476 17.818367 203.491590
0.767014 0.065966 -21.492525 203.663423 1.000000 0.769845 -3.962031 204.756003
0.716502 0.000508 -38.500949 209.116239 1.000000 0.716502 -38.352773 209.143466
0.778087 0.045216 -11.278294 227.207668 1.000000 0.779399 1.921845 227.479298
0.807128 0.017112 -22.361213 213.143274 1.000000 0.807309 -17.838371 213.569360
0.835068 -0.009129 -13.620207 207.718078 1.000000 0.835118 -15.889947 207.556786
0.816518 0.012955 28.499784 215.379524 1.000000 0.816621 31.913079 214.900285
0.785888 -0.046241 20.603211 171.045674 1.000000 0.787247 10.520860 171.960538
0.848451 -0.066786 8.465073 203.902364 1.000000 0.851075 -7.561791 203.937861
0.767215 0.083137 -9.419474 201.859416 1.000000 0.771706 12.382028 201.699370
0.751995 -0.023018 7.565165 189.125927 1.000000 0.752347 1.775387 189.268846
0.803865 -0.016382 11.257105 185.991173 1.000000 0.804032 7.465304 186.181922
0.729433 0.002969 19.639304 162.341776 1.000000 0.729439 20.299920 162.260493
0.824395 -0.035357 19.002445 231.183197 1.000000 0.825153 9.078941 231.785108
0.859700 0.027421 -5.504076 213.249746 1.000000 0.860137 1.296962 213.316823
0.800911 0.078501 1.133458 201.372977 1.000000 0.804749 20.771505 200.302035
0.793547 -0.030634 16.150265 185.115285 1.000000 0.794138 8.997504 185.600497
0.768252 -0.090207 2.617855 230.663781 1.000000 0.773530 -24.299451 229.395226
0.828000 -0.005722 17.858743 221.192298 1.000000 0.828019 16.329689 221.310435
0.766956 -0.020715 -1.682984 217.347675 1.000000 0.767236 -7.550554 217.223004
0.784851 0.028381 -20.482561 209.042270 1.000000 0.785364 -12.914950 209.645916
0.764896 0.089620 -19.722599 172.371624 1.000000 0.770128 0.470264 173.495639
0.735654 0.044815 2.943331 189.661807 1.000000 0.737017 14.470534 189.131880
0.828553 0.040684 -27.285230 230.215858 1.000000 0.829551 -15.961932 231.276981
0.797088 -0.016412 15.708539 216.894633 1.000000 0.797257 11.240354 217.172039
0.769186 0.004217 -0.758674 187.583512 1.000000 0.769198 0.269796 187.584852
0.819130 -0.092818 53.686051 212.240149 1.000000 0.824371 29.448169 216.935193
0.786269 -0.050713 15.793354 230.738348 1.000000 0.787903 0.909125 231.276434
0.846631 -0.072329 6.101049 189.921123 1.000000 0.849715 -10.087371 189.751155
0.798527 0.063958 -18.485872 201.158959 1.000000 0.801085 -2.366539 201.992707
0.850199 0.003160 4.940850 199.073513 1.000000 0.850205 5.680824 199.053772
0.757914 0.039464 -17.819051 202.560888 1.000000 0.758941 -7.262063 203.213421
0.735482 0.035883 -11.424772 210.522469 1.000000 0.736357 -1.152203 210.829096
0.722819 0.011072 -14.105569 197.199798 1.000000 0.722903 -11.083482 197.392714
0.740769 -0.002758 -24.346598 156.019887 1.000000 0.740774 -24.927417 155.928143
0.792534 0.017855 25.720980 232.609895 1.000000 0.792735 30.953666 231.971555
0.816007 -0.034592 44.959018 215.636664 1.000000 0.816740 35.785530 217.347371
0.756095 -0.065943 12.873344 213.047944 1.000000 0.758965 -5.686044 213.360771
0.751191 -0.008146 38.896544 185.997324 1.000000 0.751235 36.877490 186.408145
0.826345 0.023221 5.692455 176.477052 1.000000 0.826671 10.647494 176.247510
0.774875 -0.047231 33.562823 210.416593 1.000000 0.776313 20.698848 212.068770
0.807204 0.078196 -17.173175 198.539525 1.000000 0.810983 2.050264 199.270312
0.821960 -0.012009 19.567927 205.116040 1.000000 0.822048 16.569457 205.380006
0.830365 0.008449 6.358549 210.598894 1.000000 0.830408 8.501083 210.523293
0.877354 0.006963 -19.336614 215.895329 1.000000 0.877381 -17.622643 216.041987
0.819234 -0.019446 -8.730793 222.747820 1.000000 0.819465 -14.014276 222.477905
0.801103 0.083058 -10.699320 198.374559 1.000000 0.805397 9.815385 198.420259
0.759233 -0.010189 -21.103335 183.444571 1.000000 0.759302 -23.563021 183.144876
0.819163 0.060313 -35.469369 207.159892 1.000000 0.821381 -20.162154 209.205125
0.816784 -0.021062 42.853167 187.248684 1.000000 0.817056 38.012044 188.291126
0.800689 -0.024554 -7.093172 211.771882 1.000000 0.801065 -13.581126 211.454950
0.828624 0.018877 -14.185935 232.674727 1.000000 0.828839 -8.882907 232.937466
0.747400 -0.052042 26.889546 188.450056 1.000000 0.749210 13.734428 189.862679
0.799756 -0.093708 29.399217 235.493345 1.000000 0.805227 1.793888 237.314583
0.849557 0.054364 -33.385525 207.802584 1.000000 0.851295 -20.047051 209.510436
0.808250 0.008257 -22.179880 206.675853 1.000000 0.808293 -20.067519 206.891638
0.835405 0.058294 4.994846 218.756043 1.000000 0.837437 20.210408 217.877705
0.812428 0.022079 -0.613719 199.899349 1.000000 0.812728 4.817117 199.842242
0.771080 -0.031069 20.440744 203.624327 1.000000 0.771706 12.226191 204.282184
0.777875 -0.084975 25.303073 194.506169 1.000000 0.782502 4.031191 196.103658
0.822169 -0.061841 -10.231327 232.697874 1.000000 0.824491 -27.656101 231.274989
0.776351 0.071734 -19.183598 251.590658 1.000000 0.779658 4.045790 252.288528
0.728429 0.060590 -1.551670 176.370824 1.000000 0.730944 13.073525 175.892462
0.751719 -0.050317 17.345641 208.793030 1.000000 0.753401 3.362486 209.485309
0.847475 -0.027045 -13.841082 223.574825 1.000000 0.847907 -20.965351 223.019577
0.842180 -0.034731 4.037860 209.294166 1.000000 0.842896 -4.589447 209.282798
0.771886 -0.021129 2.928174 181.428466 1.000000 0.772175 -2.037444 181.440655
0.754941 0.083512 -6.799499 211.311212 1.000000 0.759546 16.475349 210.777666
0.836379 -0.027057 7.866043 193.151867 1.000000 0.836816 1.616635 193.305212
0.822820 0.014977 -3.854524 200.182416 1.000000 0.822956 -0.210770 200.219412
0.738143 0.001110 23.721015 204.476942 1.000000 0.738144 24.028465 204.441041
0.760733 0.031006 11.727618 184.126274 1.000000 0.761365 19.216212 183.495937
0.845548 0.033054 -4.448702 221.503390 1.000000 0.846194 4.207017 221.508112
0.828991 -0.021019 -5.569791 211.436731 1.000000 0.829258 -10.927358 211.227618
0.882182 -0.011029 -24.935795 206.653883 1.000000 0.882250 -27.517114 206.326028
0.863058 0.036013 -21.769993 212.766225 1.000000 0.863809 -12.880545 213.488853
0.889861 -0.021785 3.388563 231.802926 1.000000 0.890127 -2.285508 231.816426
0.760484 0.071781 -2.193426 205.690236 1.000000 0.763864 17.145269 204.986156
0.727990 0.018838 -22.829983 196.515882 1.000000 0.728234 -17.738890 197.040686
0.858824 0.011593 0.533025 210.830803 1.000000 0.858903 3.378770 210.804401
0.841547 0.008110 -1.743701 231.819856 1.000000 0.841586 0.490392 231.825895
0.873801 -0.011351 6.179344 249.285790 1.000000 0.873875 2.940863 249.345024
0.792364 -0.011678 -12.428305 191.815192 1.000000 0.792450 -15.253775 191.611203
0.726205 0.037912 -0.913262 212.572011 1.000000 0.727194 10.170356 212.330539
0.832249 -0.010379 9.439296 197.056420 1.000000 0.832314 6.981269 197.158807
0.824600 0.018769 -22.363371 208.136797 1.000000 0.824814 -17.621260 208.591797
0.849937 -0.020343 -9.385455 190.779737 1.000000 0.850180 -13.947745 190.500539
0.742302 -0.046310 12.830147 213.334899 1.000000 0.743746 -0.478373 213.719824
0.753866 0.045355 8.768042 203.493443 1.000000 0.755229 20.972945 202.599595
0.873230 -0.039789 21.455369 243.115561 1.000000 0.874137 10.366871 243.840187
0.777732 -0.060451 15.201473 198.406550 1.000000 0.780078 -0.219418 198.987929
0.829975 -0.047794 -7.083386 209.584369 1.000000 0.831350 -19.120510 208.830525
0.778760 -0.004830 18.823472 201.645419 1.000000 0.778775 17.572389 201.758294
0.882129 -0.039483 23.840113 237.088121 1.000000 0.883013 13.215055 237.916983
0.870178 0.004811 -8.754439 253.553264 1.000000 0.870192 -7.352571 253.597787
0.811990 0.003048 1.862568 199.694431 1.000000 0.811995 2.612226 199.686032
0.831904 0.088136 -34.269350 231.799601 1.000000 0.836560 -9.657272 234.120013
0.816830 0.017186 -17.462449 194.423896 1.000000 0.817010 -13.368948 194.748196
0.712992 -0.030821 0.981391 183.596806 1.000000 0.713658 -6.948633 183.467891
0.838146 -0.003238 -12.872299 220.588212 1.000000 0.838152 -13.724327 220.536841
0.786871 0.023403 -15.437538 226.272381 1.000000 0.787219 -8.703891 226.631309
0.764350 -0.018158 -2.845527 206.336590 1.000000 0.764566 -7.745050 206.210814
0.799289 -0.063604 3.048129 189.376279 1.000000 0.801815 -11.983704 189.021314
0.758965 -0.034509 14.182463 205.759944 1.000000 0.759749 4.821895 206.191770
0.823189 0.035602 -7.772564 228.921441 1.000000 0.823959 2.126112 229.043486
0.863259 -0.007049 23.911121 251.680801 1.000000 0.863288 21.855374 251.867644
0.791167 0.070292 -5.239981 208.189504 1.000000 0.794284 13.204682 207.836386
0.740020 -0.012805 10.582619 194.369273 1.000000 0.740131 7.218170 194.523274
0.775231 -0.036551 2.811707 202.167279 1.000000 0.776092 -6.712627 202.075369
0.780194 0.005659 -53.153451 220.635021 1.000000 0.780215 -51.551782 221.014740
0.875043 0.025844 3.777022 230.362631 1.000000 0.875424 10.576082 230.150720
0.831069 0.010642 -3.829131 241.428792 1.000000 0.831137 -0.737617 241.458029
0.846587 -0.018429 16.012171 234.245125 1.000000 0.846788 10.910417 234.538123
0.748849 -0.015999 4.771201 221.295158 1.000000 0.749020 0.043286 221.346583
0.816642 0.019223 3.150630 221.483812 1.000000 0.816869 8.361922 221.348332
0.888278 0.010881 19.928145 243.527894 1.000000 0.888345 22.909547 243.265531
0.720103 -0.047767 -4.864157 178.489297 1.000000 0.721685 -16.667269 177.775958
0.742594 0.002867 26.284949 191.381112 1.000000 0.742600 27.023571 191.278215
0.734396 -0.014891 -14.004093 179.771964 1.000000 0.734547 -17.645572 179.451128
0.889359 0.002970 -36.303449 239.736078 1.000000 0.889364 -35.502634 239.855979
0.751894 -0.054325 47.924503 213.483689 1.000000 0.753854 32.415669 216.382227
0.743575 0.065222 5.222029 191.476351 1.000000 0.746430 21.933066 190.287685
0.739191 -0.005038 9.104823 185.374125 1.000000 0.739208 7.841165 185.431875
0.841682 0.005800 24.103955 219.277161 1.000000 0.841702 25.614498 219.105845
0.792975 0.042866 -8.734472 202.702006 1.000000 0.794133 2.219853 202.877959
0.857407 0.017783 14.765596 228.051825 1.000000 0.857592 19.491290 227.696612
0.762194 -0.027479 -7.366409 188.544727 1.000000 0.762689 -14.154737 188.156906
0.831634 -0.062185 32.561347 190.884216 1.000000 0.833955 18.237142 192.780787
0.821384 -0.038060 -6.977426 194.668536 1.000000 0.822265 -15.980576 194.136922
0.853174 0.031491 -3.818179 231.957689 1.000000 0.853755 4.740361 231.940676
0.808113 -0.017622 1.058498 192.504384 1.000000 0.808305 -3.138472 192.481709
0.773129 0.077614 -26.084691 205.659797 1.000000 0.777015 -5.411356 207.236773
0.781499 0.017315 6.087309 186.470688 1.000000 0.781691 10.216250 186.290099
0.835134 -0.004496 56.247091 232.987063 1.000000 0.835146 54.992004 233.286490
0.824335 -0.035863 -27.991393 215.127213 1.000000 0.825115 -37.315247 213.707295
0.836926 0.068362 -28.822438 229.128211 1.000000 0.839713 -10.073107 230.714115
0.834627 -0.038739 13.502776 234.642096 1.000000 0.835525 2.609102 235.015810
0.809053 -0.039522 -11.518014 189.487504 1.000000 0.810017 -20.749646 188.699843
0.755445 -0.076700 6.637379 198.293565 1.000000 0.759329 -13.426326 197.949808
0.826254 0.012478 -32.326009 248.020697 1.000000 0.826348 -28.577298 248.480532
0.820531 0.000516 -16.302870 202.536570 1.000000 0.820532 -16.175457 202.546785
0.842911 -0.069962 24.417611 229.315246 1.000000 0.845810 5.365982 230.549145
0.801272 0.065054 -36.223673 184.215269 1.000000 0.803908 -21.197686 186.542429
0.759417 0.041096 -27.085995 163.293258 1.000000 0.760528 -18.222690 164.518305
0.847382 0.050578 -30.357079 221.005727 1.000000 0.848891 -17.135234 222.421823
0.871001 -0.032376 16.308440 210.444324 1.000000 0.871603 8.480127 210.904875
0.750796 0.033617 13.200790 193.219141 1.000000 0.751549 21.830280 192.435278
0.839244 0.065944 -22.426171 212.022376 1.000000 0.841831 -5.748784 213.127597
0.872851 -0.027778 -0.325417 243.469736 1.000000 0.873293 -8.069588 243.336187
0.848894 -0.011074 -17.772021 243.188769 1.000000 0.848966 -20.942772 242.936251
0.834747 0.049067 -15.265815 216.250099 1.000000 0.836188 -2.550071 216.773263
0.808744 0.060804 -4.373889 186.703353 1.000000 0.811027 9.635827 186.505828
0.796092 -0.081739 6.834201 200.850191 1.000000 0.800277 -13.715991 200.497823
0.782414 0.066817 -7.090472 225.612973 1.000000 0.785262 12.132271 225.398085
0.789615 0.016014 -2.669440 171.318498 1.000000 0.789777 0.804811 171.337404
0.818354 -0.016729 -9.521069 199.056539 1.000000 0.818525 -13.587304 198.820375
0.747631 -0.026126 27.731490 199.226143 1.000000 0.748087 20.756857 200.073098
0.786131 -0.077345 12.494342 244.375453 1.000000 0.789927 -11.493379 244.424575
0.807648 0.089283 -53.158227 153.438357 1.000000 0.812568 -35.976976 158.350193
0.805162 0.020182 0.410346 214.392398 1.000000 0.805415 5.782505 214.314795
0.802797 0.061158 -48.307981 220.412181 1.000000 0.805123 -31.425568 223.444902
0.860402 0.046733 -24.793231 239.413780 1.000000 0.861670 -11.772053 240.406075
0.713680 -0.046620 -11.434353 163.115896 1.000000 0.715201 -22.042599 162.023652
0.816707 -0.093067 -1.471526 203.759431 1.000000 0.821993 -24.532071 202.282596
0.872673 -0.021328 -6.715565 205.325820 1.000000 0.872933 -11.730265 205.100444
0.767256 0.024306 -12.009994 230.148460 1.000000 0.767640 -4.716685 230.413338
0.761081 0.041207 -29.663973 195.400685 1.000000 0.762195 -19.056654 196.718639
0.846195 -0.035485 2.349400 193.180517 1.000000 0.846939 -5.746591 193.109317
0.832074 -0.088969 -15.947146 236.010434 1.000000 0.836817 -40.948881 232.977307
0.728289 -0.038235 17.159013 182.163425 1.000000 0.729292 7.584929 182.812511
0.759816 -0.025382 -20.714631 201.531522 1.000000 0.760240 -27.431490 200.727585
0.749832 0.004059 17.387393 169.925638 1.000000 0.749843 18.307016 169.829022
0.848627 0.003470 -14.999243 243.084785 1.000000 0.848634 -14.005193 243.144082
0.774498 0.025183 14.990778 202.860301 1.000000 0.774908 21.575479 202.265973
0.830184 -0.060137 5.993045 226.472732 1.000000 0.832360 -10.385037 226.313866
0.725730 -0.004690 -10.619038 184.246929 1.000000 0.725745 -11.809591 184.174451
0.825664 0.042204 29.921233 210.983547 1.000000 0.826742 40.652617 209.181027
0.740824 0.049082 -19.377755 189.032344 1.000000 0.742448 -6.838688 189.899860
0.808706 -0.046650 2.726371 198.399680 1.000000 0.810050 -8.703730 198.227423
0.725050 0.039301 -35.485574 200.378855 1.000000 0.726115 -24.587908 202.005808
0.768784 -0.017359 -1.505068 210.487799 1.000000 0.768980 -6.256131 210.400189
0.834359 0.018045 3.827869 205.814616 1.000000 0.834554 8.277080 205.683735
0.781305 -0.063924 -8.223311 232.906456 1.000000 0.783916 -27.188281 231.460229
0.788191 -0.012292 16.135371 207.354665 1.000000 0.788287 12.900048 207.581059
0.781496 0.081766 -25.953515 179.326773 1.000000 0.785761 -7.151893 181.053934
0.771279 0.018424 -39.249804 188.713268 1.000000 0.771499 -34.731905 189.596781
0.838006 -0.057845 32.879475 263.703896 1.000000 0.840000 14.642104 265.342069
0.865469 0.053008 -11.677365 236.252116 1.000000 0.867091 2.787360 236.524108
0.790605 0.015442 -17.711125 228.646666 1.000000 0.790755 -13.242694 228.948931
0.735278 0.041256 5.076429 214.797570 1.000000 0.736435 17.101561 214.175869
0.810898 0.036360 -31.857891 242.144715 1.000000 0.811713 -20.979388 243.328694
0.892470 -0.008179 3.833515 248.631516 1.000000 0.892508 1.555010 248.656205
0.789604 0.012956 20.088242 229.809688 1.000000 0.789710 23.855796 229.449190
0.867852 0.018663 17.151024 223.336994 1.000000 0.868052 21.948801 222.916623
0.743714 -0.030170 2.403487 183.215355 1.000000 0.744326 -5.024750 183.162210
0.796742 0.039271 -31.513776 187.724335 1.000000 0.797709 -22.234025 189.048121
0.735968 0.038609 18.117224 229.929629 1.000000 0.736980 30.138030 228.664749
0.784951 0.016785 -10.198714 203.048292 1.000000 0.785130 -5.855420 203.219922
0.863815 0.032633 -23.288054 235.474333 1.000000 0.864431 -14.382119 236.185625
0.737422 0.005064 -0.805259 203.407883 1.000000 0.737439 0.591456 203.408617
0.795903 0.010237 13.393767 200.418128 1.000000 0.795968 15.970220 200.229296
0.776636 -0.024143 18.556622 206.602541 1.000000 0.777011 12.128077 207.079376
0.839293 -0.064377 -5.860821 171.956502 1.000000 0.841758 -18.994754 171.004641
0.717862 0.030931 1.138766 203.912525 1.000000 0.718528 9.915821 203.674473
0.795156 0.031041 -9.512762 189.806393 1.000000 0.795761 -2.101454 190.033006
0.763757 0.052797 -12.402327 203.105401 1.000000 0.765580 1.634025 203.477152
0.803154 -0.084566 0.119978 197.213267 1.000000 0.807594 -20.531587 196.141635
0.860555 0.009755 8.040189 194.180488 1.000000 0.860610 10.240660 194.076880
0.708322 0.007284 -13.260857 156.310071 1.000000 0.708360 -11.652826 156.438167
0.784324 0.005130 15.001413 168.183313 1.000000 0.784340 16.101169 168.081592
0.794405 -0.039499 -20.623024 225.997542 1.000000 0.795387 -31.820712 224.694549
0.788590 0.058934 5.397001 199.885447 1.000000 0.790790 20.278630 198.927365
0.766552 -0.029865 -10.368860 187.510866 1.000000 0.767134 -17.660990 186.965043
0.815111 0.057228 -23.838352 238.331396 1.000000 0.817117 -7.087927 239.415710
0.734733 0.063935 -12.341762 188.026652 1.000000 0.737510 4.004842 188.388700
0.828358 -0.048239 2.172566 205.423947 1.000000 0.829762 -9.773570 205.202815
0.836858 0.046291 -8.979552 209.869744 1.000000 0.838138 2.625405 210.045350
0.727545 -0.013558 23.600620 174.047979 1.000000 0.727671 20.353634 174.457496
0.862331 -0.051275 26.102100 226.263746 1.000000 0.863854 12.625991 227.414130
0.830713 0.067827 -65.312028 222.211470 1.000000 0.833477 -47.012306 226.789421
0.785910 -0.003637 12.830648 197.772428 1.000000 0.785918 11.915385 197.829680
0.799615 0.043889 13.361298 191.566374 1.000000 0.800818 23.840000 190.546200
0.788529 -0.041067 -3.962316 211.033647 1.000000 0.789598 -14.932775 210.541949
0.827531 0.028793 38.931598 195.933651 1.000000 0.828031 45.721136 194.461417
0.874359 0.047683 -18.808479 216.972423 1.000000 0.875659 -6.965575 217.674693
0.847681 0.042554 -4.006679 226.896093 1.000000 0.848748 7.374237 226.811620
0.751080 0.076414 -3.088212 192.998484 1.000000 0.754957 16.462333 192.319899
0.771377 0.007037 -7.264343 201.233770 1.000000 0.771409 -5.428263 201.291666
0.732501 0.068839 2.436517 200.504789 1.000000 0.735728 21.186099 199.397232
0.829693 0.010325 -13.979478 210.394537 1.000000 0.829758 -11.360256 210.552206
0.885134 -0.024396 29.607327 219.606089 1.000000 0.885471 23.545566 220.338455
0.847542 -0.061219 18.118289 193.053067 1.000000 0.849750 4.163024 193.856721
0.765738 0.038752 -13.020967 193.877949 1.000000 0.766718 -3.205274 194.288268
0.875619 -0.046970 -40.107358 237.315566 1.000000 0.876878 -52.761550 234.826525
0.757575 0.068950 -34.635637 163.696416 1.000000 0.760706 -19.655802 166.161950
0.794449 -0.051097 31.553774 212.097455 1.000000 0.796090 17.875177 213.685398
0.828823 0.088247 13.982922 229.140978 1.000000 0.833508 38.164444 226.372668
0.806362 0.010769 8.030185 196.507884 1.000000 0.806434 10.653550 196.383131
0.869468 -0.047730 10.918148 242.393980 1.000000 0.870777 -2.384600 242.628030
0.840602 -0.026364 -10.469145 219.244607 1.000000 0.841015 -17.336903 218.808666
0.766714 0.028295 -9.092386 174.439481 1.000000 0.767236 -2.653028 174.656135
0.718351 -0.006308 -11.404770 201.634066 1.000000 0.718378 -13.174826 201.526151
0.713767 -0.024303 -14.047753 223.623595 1.000000 0.714181 -21.649257 223.016056
0.831930 -0.019382 24.235217 228.223989 1.000000 0.832155 18.912994 228.726548
0.752027 -0.005103 11.724388 215.570653 1.000000 0.752044 10.261378 215.645245
0.830954 0.057791 -25.231467 205.673319 1.000000 0.832961 -10.900898 206.928276
0.756531 -0.023189 23.721028 208.735748 1.000000 0.756886 17.314749 209.364513
0.807131 -0.053525 39.576638 207.478832 1.000000 0.808904 25.761178 209.642882
0.794863 0.012102 25.410128 216.933218 1.000000 0.794955 28.709726 216.521240
0.739563 0.049868 -9.087792 163.795836 1.000000 0.741242 1.952392 164.036130
0.757716 -0.023364 17.666675 176.565054 1.000000 0.758076 12.216557 177.025664
0.798870 0.003902 -27.588226 193.246031 1.000000 0.798879 -26.643952 193.378485
0.835931 0.032381 -13.289930 200.790109 1.000000 0.836558 -5.508013 201.154051
0.869522 0.013828 -11.242773 247.208657 1.000000 0.869632 -7.310608 247.356170
0.783181 0.025200 6.021451 221.535164 1.000000 0.783587 13.142863 221.226924
0.835204 0.058369 -8.980726 215.846117 1.000000 0.837241 6.088939 215.947041
0.746591 0.040093 -23.109112 139.238828 1.000000 0.747667 -15.609213 140.277706
0.819166 0.000220 35.423941 210.157601 1.000000 0.819166 35.480261 210.148100
0.725780 -0.057809 19.716862 185.247425 1.000000 0.728079 4.946057 186.228085
0.798667 0.044040 -1.693751 227.165129 1.000000 0.799880 10.816201 226.913804
0.783860 0.062163 6.847079 202.304840 1.000000 0.786321 22.818986 201.130367
0.755103 -0.038910 13.218920 198.588189 1.000000 0.756105 2.981965 199.005318
0.752543 -0.073233 -20.491889 188.011419 1.000000 0.756098 -38.605734 185.142671
0.841414 -0.026300 -1.389998 218.547944 1.000000 0.841825 -8.217067 218.397838
0.810230 -0.077341 29.550598 242.579867 1.000000 0.813913 6.366009 244.290204
0.813243 0.076008 -7.927799 185.363682 1.000000 0.816787 9.355944 185.297089
0.827309 0.055075 12.609380 208.811993 1.000000 0.829140 26.451604 207.513271
0.825515 0.003594 -7.023847 204.512947 1.000000 0.825522 -6.133317 204.541591
0.880474 0.008203 22.259264 215.960823 1.000000 0.880512 24.270142 215.744090
0.839450 -0.018069 13.658260 208.115384 1.000000 0.839644 9.176515 208.361111
0.847122 0.025324 -12.818089 211.578314 1.000000 0.847501 -6.490241 211.866853
0.746630 0.061472 -31.283850 215.196170 1.000000 0.749156 -13.520557 217.037474
0.741549 0.052119 1.749856 170.581462 1.000000 0.743378 13.705279 170.039003
0.766246 -0.000228 -21.723157 206.879998 1.000000 0.766246 -21.784664 206.873530
0.830559 0.063886 -20.605836 192.269433 1.000000 0.833012 -5.799563 193.283472
0.750483 -0.028060 -9.310438 214.919861 1.000000 0.751008 -17.334021 214.421927
0.797153 -0.051652 7.865471 175.247527 1.000000 0.798824 -3.482488 175.389377
0.854497 -0.006977 29.557509 232.397495 1.000000 0.854525 27.659182 232.631063
0.756955 0.015021 38.479755 163.549406 1.000000 0.757104 41.716922 162.753796
0.791825 0.016844 -21.479844 213.751424 1.000000 0.792004 -16.928977 214.159905
0.803936 -0.087891 44.220687 229.990576 1.000000 0.808726 18.963902 233.434155
0.831196 -0.045925 1.648905 206.050824 1.000000 0.832464 -9.720956 205.827996
0.777600 0.043397 -5.129113 207.699905 1.000000 0.778810 6.452251 207.663013
0.759362 -0.035224 -9.828542 202.659104 1.000000 0.760179 -19.208607 201.985994
0.800220 0.054448 -4.483936 239.919754 1.000000 0.802070 11.813285 239.670692
0.798789 0.047464 7.106288 213.873887 1.000000 0.800198 19.779854 213.075800
0.745482 0.001416 11.299051 205.112772 1.000000 0.745484 11.688497 205.090948
0.806939 0.004923 21.046708 198.255598 1.000000 0.806954 22.255704 198.123521
0.749531 -0.079703 24.343591 209.612994 1.000000 0.753757 2.042459 211.011957
0.817547 -0.050385 0.022794 194.331708 1.000000 0.819098 -11.931097 193.965106
0.851239 0.071572 -23.443301 201.392655 1.000000 0.854243 -6.487272 202.648723
0.810530 -0.058845 5.069903 213.917521 1.000000 0.812664 -10.433303 213.723083
0.750103 0.059609 3.597551 194.532850 1.000000 0.752468 18.996751 193.636504
0.848991 0.025579 -23.695869 243.158672 1.000000 0.849376 -16.362381 243.761987
0.782351 -0.002680 17.042481 189.394414 1.000000 0.782356 16.393572 189.451685
0.850779 -0.067993 1.612376 224.553830 1.000000 0.853492 -16.281614 223.968594
0.876402 0.019234 -12.733986 194.991047 1.000000 0.876613 -8.452679 195.223500
0.718292 -0.006753 -0.678272 194.362106 1.000000 0.718323 -2.505424 194.347140
0.742118 -0.066768 7.899690 192.183921 1.000000 0.745115 -9.353321 192.118661
0.815760 -0.086672 32.432304 214.782370 1.000000 0.820352 9.558658 217.006804
0.861863 -0.041133 -10.377821 271.051643 1.000000 0.862844 -23.287481 270.248747
0.854563 0.005897 9.628591 212.522423 1.000000 0.854584 11.094960 212.450917
0.767211 0.008661 -23.219646 182.785784 1.000000 0.767260 -21.154796 183.036251
0.811494 0.007736 -24.498167 206.327380 1.000000 0.811531 -22.530317 206.551526
0.856630 0.030828 -31.466730 224.058403 1.000000 0.857184 -23.388324 225.045128
0.809358 -0.036496 60.162424 185.446479 1.000000 0.810180 51.747633 187.968339
0.787943 -0.032233 3.043748 200.373893 1.000000 0.788602 -5.148796 200.330855
0.800441 -0.083363 33.352743 205.379022 1.000000 0.804771 11.899036 207.729057
0.728722 -0.056924 10.802913 185.688214 1.000000 0.730942 -3.690955 185.965568
0.803352 0.009838 24.638560 223.933995 1.000000 0.803412 27.378942 223.615487
0.850054 0.010724 0.314231 189.269963 1.000000 0.850121 2.701767 189.250940
0.805079 0.073735 -41.465853 221.763347 1.000000 0.808449 -21.067058 224.620965
0.779545 -0.082047 8.957438 212.223559 1.000000 0.783851 -13.305430 211.995377
0.738408 0.055028 -13.242385 179.394223 1.000000 0.740456 0.126068 179.882273
0.736738 -0.012099 -26.783104 221.688573 1.000000 0.736838 -30.419644 221.218904
0.854295 0.022412 2.468215 220.355439 1.000000 0.854589 8.246236 220.214921
0.871189 0.050433 -31.376514 228.389951 1.000000 0.872648 -18.124817 229.821554
0.721116 -0.033365 -13.625008 161.270255 1.000000 0.721887 -21.064121 160.468186
0.827976 -0.075601 35.230945 197.148507 1.000000 0.831420 17.158187 199.535335
0.739538 0.016833 14.428795 227.373913 1.000000 0.739730 19.599187 226.986692
0.868744 0.013727 -4.267524 218.914642 1.000000 0.868853 -0.808351 218.954742
0.828061 0.089232 -21.587227 212.299855 1.000000 0.832855 1.282805 213.390701
0.769599 0.076691 -28.671252 211.610698 1.000000 0.773411 -7.546620 213.410817
0.722265 0.009385 -11.905321 168.528828 1.000000 0.722326 -9.714573 168.669291
0.830889 0.044948 -24.705151 218.421242 1.000000 0.832104 -12.870552 219.436852
0.855888 0.018457 -17.481085 229.715226 1.000000 0.856087 -12.524340 230.038724
0.874970 0.013027 4.684884 217.632116 1.000000 0.875067 7.924247 217.538255
0.867256 0.009482 16.270761 226.583561 1.000000 0.867308 18.746884 226.392142
0.845317 0.011363 -16.982024 231.469987 1.000000 0.845394 -13.869269 231.677335
0.780341 -0.009154 14.087585 207.874797 1.000000 0.780394 11.648176 208.025747
0.839986 -0.062700 36.962806 226.117695 1.000000 0.842323 20.028735 228.241781
0.835715 -0.017980 26.508255 225.157684 1.000000 0.835908 21.659133 225.675768
0.828784 0.033593 -2.206752 224.253222 1.000000 0.829465 6.877319 224.158604
0.820133 0.057310 14.667948 205.375665 1.000000 0.822133 28.948723 203.853584
0.838366 -0.020531 1.843253 201.750299 1.000000 0.838618 -3.096447 201.734957
0.790084 -0.009069 25.109071 191.952829 1.000000 0.790136 22.904232 192.228380
0.829371 -0.017357 -32.462262 208.242204 1.000000 0.829553 -36.812190 207.517413
0.829330 -0.031449 -8.838592 178.037986 1.000000 0.829926 -15.578867 177.575179
0.865531 0.009226 -12.597074 229.206757 1.000000 0.865581 -10.153216 229.328009
0.843554 -0.026679 -17.566308 210.314811 1.000000 0.843976 -24.205905 209.654404
0.755151 -0.054069 10.013658 215.447476 1.000000 0.757084 -5.398573 215.612485
0.828472 -0.025675 -9.511831 195.596245 1.000000 0.828869 -15.565960 195.207753
0.850119 0.051553 -10.686683 229.211894 1.000000 0.851681 3.207412 229.438467
0.786570 0.053608 -25.033804 215.858063 1.000000 0.788395 -10.298363 217.060679
0.793555 -0.090533 5.175486 195.754924 1.000000 0.798703 -17.046656 195.079951
0.781623 -0.042105 -17.167628 222.424821 1.000000 0.782756 -29.107041 221.179358
0.719455 0.027373 -2.819551 200.716501 1.000000 0.719976 4.813647 200.678580
0.754076 -0.069910 9.671259 180.450451 1.000000 0.757309 -7.028120 180.572711
0.859521 -0.047639 2.511411 210.108712 1.000000 0.860840 -9.119871 209.925715
0.808699 -0.059941 18.982220 196.146085 1.000000 0.810917 4.431687 197.012618
0.814966 -0.085078 -2.138936 208.147339 1.000000 0.819395 -23.739260 206.800236
0.879776 0.004130 22.947526 224.643484 1.000000 0.879785 24.001808 224.533287
0.723034 -0.008569 19.602629 182.954220 1.000000 0.723085 17.433147 183.173675
0.781844 0.079184 -22.221364 179.686054 1.000000 0.785844 -4.002574 181.010625
0.810975 0.088248 -5.132302 221.089339 1.000000 0.815762 18.814923 220.347078
0.811774 0.079221 -38.737022 200.791294 1.000000 0.815630 -19.051303 203.604392
0.848998 -0.027002 -6.673991 228.141845 1.000000 0.849427 -13.922968 227.814386
0.810878 0.096744 -12.613883 206.275301 1.000000 0.816628 11.911832 206.317033
0.743664 0.001504 27.552975 195.580516 1.000000 0.743665 27.948457 195.524393
0.826424 -0.084476 28.348212 235.001223 1.000000 0.830730 4.304236 236.665733
0.707173 -0.001307 23.597392 200.296248 1.000000 0.707175 23.227110 200.339525
0.835167 0.000742 20.075903 214.306397 1.000000 0.835168 20.266305 214.288476
0.826024 0.026563 -21.223912 232.697404 1.000000 0.826451 -13.733788 233.259340
0.810792 0.078264 -23.749761 214.612235 1.000000 0.814560 -3.019706 215.901237
0.857188 -0.043494 19.290590 231.930629 1.000000 0.858291 7.512594 232.610198
0.791802 0.090135 -29.131514 217.552953 1.000000 0.796916 -4.338414 219.451841
0.869708 -0.024683 4.774298 190.085663 1.000000 0.870058 -0.620185 190.144599
0.844798 0.047910 7.954454 205.788081 1.000000 0.846156 19.593462 205.007570
0.780153 0.050865 -12.262840 201.336064 1.000000 0.781809 0.862124 201.707324
0.829086 -0.042907 -11.361253 220.049921 1.000000 0.830195 -22.718791 219.168662
0.777088 0.058060 21.844872 192.512348 1.000000 0.779254 36.127667 190.349663
0.749205 -0.013956 5.542151 207.914498 1.000000 0.749334 1.669008 207.981654
0.796157 0.019682 -15.202427 194.161618 1.000000 0.796400 -10.399435 194.478018
0.801886 -0.047027 -0.838615 207.644489 1.000000 0.803264 -12.993801 207.239229
0.837392 0.075827 -20.606408 235.644166 1.000000 0.840818 0.728561 236.542313
0.775068 -0.009219 -5.479934 216.068355 1.000000 0.775123 -8.049275 215.987900
0.861820 -0.018160 -7.031227 239.456247 1.000000 0.862012 -12.074420 239.254971
0.846480 -0.024493 7.789948 245.229519 1.000000 0.846835 0.693987 245.352234
0.713824 -0.009174 34.626500 158.912805 1.000000 0.713883 32.581456 159.344667
0.787316 -0.004102 -2.176442 189.142127 1.000000 0.787327 -3.161732 189.128222
0.821141 0.043490 -24.987771 176.600309 1.000000 0.822292 -15.612537 177.674721
0.775487 -0.064879 27.961124 198.036125 1.000000 0.778197 11.353411 199.677818
0.760692 0.030725 -32.419686 180.905188 1.000000 0.761312 -25.092211 182.066208
0.826292 -0.080584 19.317158 201.772125 1.000000 0.830212 -0.358910 202.694386
0.744397 -0.003743 4.682697 206.958691 1.000000 0.744406 3.642087 206.979619
0.747258 0.034235 -22.279454 196.221314 1.000000 0.748041 -13.275710 197.035361
0.783164 0.009065 14.810829 204.199914 1.000000 0.783216 17.173195 204.014820
0.764060 0.009300 25.287676 174.480730 1.000000 0.764117 27.409312 174.160046
0.882518 -0.035785 13.455261 214.073652 1.000000 0.883243 4.770955 214.443024
0.764959 0.013841 -5.665161 210.602815 1.000000 0.765085 -1.854252 210.670837
0.751892 -0.050075 42.005970 182.069294 1.000000 0.753558 29.814334 184.458219
0.824706 -0.030756 21.734446 184.155326 1.000000 0.825280 14.856348 184.837385
0.784446 0.087157 1.211497 188.043475 1.000000 0.789273 21.969256 186.759653
0.789066 0.015679 -43.512305 231.162559 1.000000 0.789222 -38.911423 231.981358
0.840749 -0.056821 8.508710 224.124460 1.000000 0.842667 -6.623341 224.188097
0.782992 -0.035005 8.422815 172.525644 1.000000 0.783774 0.709005 172.729670
0.767700 -0.029899 -23.413519 214.805647 1.000000 0.768282 -31.755386 213.731735
0.863048 -0.056228 30.169108 234.355335 1.000000 0.864878 14.869289 235.820912
0.882504 -0.016333 3.484539 196.628324 1.000000 0.882655 -0.154522 196.659137
0.823051 0.025211 8.541503 217.071927 1.000000 0.823437 15.183551 216.708649
0.768932 0.048948 -52.308641 178.457758 1.000000 0.770488 -40.865864 181.420359
0.852309 0.015719 -54.091230 220.774032 1.000000 0.852454 -50.011102 221.733904
0.784361 0.035077 -0.572181 221.009178 1.000000 0.785145 9.302201 220.814070
0.746552 0.074071 -20.696196 200.417622 1.000000 0.750218 -0.807446 201.481770
0.839791 -0.036721 -10.933757 205.522479 1.000000 0.840593 -19.901422 204.848651
0.840007 0.026171 -6.062893 214.250096 1.000000 0.840415 0.611901 214.334990
0.817912 -0.024590 -6.199064 213.233240 1.000000 0.818282 -12.604192 212.950645
0.807383 -0.065787 20.617397 198.585720 1.000000 0.810059 4.421564 199.604146
0.834344 -0.059266 -6.083185 226.928600 1.000000 0.836446 -22.146684 225.927243
0.799107 0.031396 10.818150 226.609669 1.000000 0.799723 19.706075 226.010276
0.724745 0.065827 -35.541027 198.453755 1.000000 0.727729 -17.444245 200.855061
0.756831 0.015827 -15.249164 225.457009 1.000000 0.756996 -10.532002 225.726553
0.744929 0.065312 -2.989523 186.819806 1.000000 0.747786 13.338876 186.366981
0.771353 0.072149 -21.056729 202.816907 1.000000 0.774720 -2.077118 203.896467
0.793824 -0.056374 3.856156 197.651652 1.000000 0.795823 -10.154744 197.428282
0.726681 0.017720 -30.491521 176.906043 1.000000 0.726897 -26.169912 177.596781
0.883078 0.037947 -17.086363 205.099708 1.000000 0.883893 -8.265307 205.644155
0.727242 -0.062873 1.643414 190.200732 1.000000 0.729954 -14.745174 189.635438
0.777410 0.001153 -8.211674 207.849320 1.000000 0.777411 -7.903312 207.861273
0.735169 0.030022 20.430591 177.523364 1.000000 0.735781 27.657012 176.541903
0.735923 -0.018904 24.700626 183.893453 1.000000 0.736166 19.970223 184.467106
0.785406 0.090392 -13.063289 193.661346 1.000000 0.790591 9.164502 193.884962
0.768441 0.034158 2.130150 172.010811 1.000000 0.769200 9.766621 171.746528
0.746633 0.001210 5.741862 174.901378 1.000000 0.746634 6.025199 174.891847
0.885119 -0.048120 6.872374 239.345234 1.000000 0.886426 -6.130612 239.365382
0.788919 0.064257 18.383695 199.113948 1.000000 0.791532 34.487113 196.964371
0.808089 -0.003395 16.678567 191.246247 1.000000 0.808096 15.874973 191.314628
0.782261 -0.012382 11.689185 196.420874 1.000000 0.782359 8.578992 196.581275
0.742941 -0.032878 11.882946 185.729087 1.000000 0.743668 3.660176 186.072839
0.795119 0.041080 -9.650627 174.179200 1.000000 0.796179 -0.650773 174.445134
0.723480 0.010882 -10.692062 184.485791 1.000000 0.723562 -7.916194 184.625733
0.812886 -0.015235 8.460050 185.640391 1.000000 0.813029 4.979946 185.766325
