0.827290 0.052438 -7.531046 227.387724 1.000000 0.828950 6.868128 227.408712
0.850515 -0.005727 27.139116 177.823958 1.000000 0.850534 25.941067 178.002676
0.721262 0.047597 -41.764855 155.780770 1.000000 0.722831 -31.416390 158.192799
0.769761 -0.017743 6.275192 219.929104 1.000000 0.769965 1.205581 220.015307
0.801244 0.016819 8.333906 188.782543 1.000000 0.801420 12.293905 188.566069
0.812128 -0.037083 9.102298 204.639806 1.000000 0.812974 -0.241564 204.841997
0.706856 0.033889 -15.525328 163.619408 1.000000 0.707668 -7.672010 164.175171
0.855637 0.019177 -11.867904 258.391301 1.000000 0.855852 -6.075241 258.592349
0.799960 0.009444 -31.026811 206.549968 1.000000 0.800016 -28.586422 206.901833
0.812692 0.071731 -37.072088 205.403266 1.000000 0.815851 -18.869176 207.867254
0.878532 -0.001495 7.900760 213.505304 1.000000 0.878533 7.537351 213.518443
0.803443 0.026833 -16.078116 210.912903 1.000000 0.803890 -9.029134 211.332045
0.820978 0.041804 -0.436740 217.393731 1.000000 0.822042 10.619117 217.134657
0.819399 0.018956 -5.704929 166.847011 1.000000 0.819619 -1.844607 166.934325
0.776268 -0.057106 -0.479317 194.364093 1.000000 0.778366 -14.737831 193.805125
0.729089 0.028365 16.467711 187.676353 1.000000 0.729640 23.751212 186.894298
0.764091 -0.009040 12.575031 201.763002 1.000000 0.764144 10.187282 201.897646
0.750157 -0.067058 26.541580 208.825205 1.000000 0.753149 7.842927 210.359003
0.791386 0.037709 11.524039 187.899651 1.000000 0.792284 20.454222 187.138203
0.763117 0.072262 18.319791 199.532786 1.000000 0.766531 37.048413 196.917147
0.821834 -0.011257 3.765435 220.664255 1.000000 0.821911 0.742876 220.695129
0.821823 -0.051239 33.368453 207.316207 1.000000 0.823419 20.403084 208.990855
0.736117 -0.044142 8.963841 195.123181 1.000000 0.737439 -2.731911 195.309863
0.885419 0.042702 -9.166057 244.395016 1.000000 0.886448 2.617465 244.552835
0.777315 -0.089140 4.707186 199.726778 1.000000 0.782409 -18.078459 198.962591
0.790850 -0.063014 11.151808 231.770447 1.000000 0.793356 -7.292242 231.923967
0.731594 -0.012051 3.576784 177.434317 1.000000 0.731693 0.653964 177.469159
0.761220 0.041066 6.264958 189.509321 1.000000 0.762327 16.464700 188.896654
0.768154 0.035336 -3.420717 204.587786 1.000000 0.768966 5.984264 204.528854
0.818063 -0.081486 18.329081 207.813584 1.000000 0.822111 -2.359176 208.606987
0.861358 -0.067964 10.661331 179.310056 1.000000 0.864035 -3.476094 179.593087
0.820155 -0.090683 30.490623 206.306999 1.000000 0.825153 7.633119 208.408232
0.813456 0.008695 6.857423 182.463829 1.000000 0.813502 8.807309 182.380110
0.853134 0.010428 7.852993 220.699799 1.000000 0.853197 10.549794 220.587335
0.749922 0.053676 -20.583356 211.065874 1.000000 0.751841 -5.462382 211.996793
0.790972 -0.038185 8.075280 192.732278 1.000000 0.791893 -1.227734 192.897470
0.782663 -0.044850 -2.941951 187.158376 1.000000 0.783947 -13.644470 186.683532
0.820608 0.056102 6.082309 185.896097 1.000000 0.822523 18.747497 185.048331
0.795965 0.009679 -3.336061 199.574954 1.000000 0.796024 -0.909221 199.600763
0.841942 -0.000384 1.069160 255.871642 1.000000 0.841942 0.952605 255.872102
0.732731 0.035098 -18.421679 182.036589 1.000000 0.733571 -9.690900 182.709508
0.714032 -0.036682 6.809989 154.360255 1.000000 0.714973 -1.118432 154.506354
0.808304 0.082522 -19.621136 192.364575 1.000000 0.812505 0.017812 193.362661
0.736764 0.045618 -21.533501 187.992156 1.000000 0.738175 -9.874709 188.963574
0.775674 -0.004641 0.001399 201.742887 1.000000 0.775688 -1.205678 201.739284
0.778386 0.068438 -21.777048 200.923189 1.000000 0.781389 -4.095412 202.058396
0.769158 0.085161 -29.797578 206.844951 1.000000 0.773858 -6.853895 208.867790
0.735173 -0.006912 9.682689 176.271879 1.000000 0.735205 8.025106 176.355118
0.810252 0.074986 -14.511060 196.537738 1.000000 0.813714 3.662060 197.038683
0.802031 -0.024622 -10.928972 198.642940 1.000000 0.802409 -17.019244 198.214039
0.806958 -0.041849 8.267523 227.083590 1.000000 0.808043 -3.504284 227.207018
0.792099 -0.001696 -6.661016 195.008243 1.000000 0.792101 -7.078630 194.993531
0.869096 -0.025511 -13.695114 223.997295 1.000000 0.869470 -20.261432 223.499035
0.773866 -0.039973 10.997697 199.907537 1.000000 0.774898 0.670859 200.208698
0.830809 0.010794 -16.384436 194.461741 1.000000 0.830879 -13.856878 194.658175
0.793469 0.088009 -20.370538 183.668304 1.000000 0.798335 0.001455 184.794493
0.802495 0.014173 28.024258 201.146190 1.000000 0.802621 31.571877 200.619952
0.801090 -0.001483 23.109570 224.916936 1.000000 0.801091 22.693155 224.959332
0.830792 0.062851 -7.009149 195.772235 1.000000 0.833166 7.779102 195.743153
0.817381 -0.070743 34.126658 198.376535 1.000000 0.820436 16.894266 200.580314
0.815882 0.088806 -22.274796 211.505196 1.000000 0.820701 0.742364 212.673608
0.868227 0.019220 -11.956394 230.732133 1.000000 0.868440 -6.846854 230.940237
0.799371 0.016503 -6.185673 221.568783 1.000000 0.799542 -1.611090 221.649255
0.766873 0.036548 -27.912296 193.211267 1.000000 0.767744 -18.682825 194.320977
0.737395 0.075241 -29.030100 188.254808 1.000000 0.741224 -9.770550 190.229219
0.745698 0.055060 -11.219109 209.192880 1.000000 0.747728 4.215619 209.451087
0.746351 0.062299 -7.988742 193.079726 1.000000 0.748947 8.099762 193.075101
0.834782 -0.025839 16.281608 227.108596 1.000000 0.835182 9.247594 227.503598
0.789421 0.046504 -2.683043 219.091713 1.000000 0.790790 10.205764 218.870326
0.756223 0.016866 5.381169 161.194731 1.000000 0.756411 8.974030 161.034670
0.810716 0.057386 -9.080258 200.851454 1.000000 0.812744 5.124086 200.991297
0.829469 0.077509 -29.200177 210.824450 1.000000 0.833082 -9.458690 212.626744
0.835734 0.062518 -46.649990 227.606971 1.000000 0.838069 -29.540971 230.452784
0.754619 0.008254 19.192933 211.605803 1.000000 0.754664 21.506297 211.383215
0.860582 -0.074871 16.855172 212.381696 1.000000 0.863833 -1.616120 213.043352
0.853223 0.033697 -2.966593 207.874668 1.000000 0.853888 5.239124 207.829809
0.876471 -0.030787 8.480135 211.999854 1.000000 0.877011 1.032781 212.166878
0.727488 -0.032973 3.092292 197.035359 1.000000 0.728235 -5.832248 196.973297
0.837563 -0.021175 3.895918 205.263248 1.000000 0.837831 -1.293174 205.296144
0.857839 0.006495 5.590921 237.704168 1.000000 0.857864 7.390330 237.655029
0.808195 0.021145 -11.370027 194.851065 1.000000 0.808471 -6.269889 195.081787
0.789387 -0.005230 5.871977 206.032889 1.000000 0.789405 4.506795 206.067271
0.806150 0.007704 -11.684750 191.808944 1.000000 0.806187 -9.851326 191.911843
0.838911 -0.011825 1.805987 221.609116 1.000000 0.838994 -1.317538 221.612558
0.843045 0.049093 -4.734795 216.445154 1.000000 0.844473 7.856231 216.354345
0.847534 0.012948 14.721758 194.968642 1.000000 0.847633 17.698278 194.721012
0.820251 -0.029367 24.667170 207.604259 1.000000 0.820777 17.223515 208.353901
0.853861 -0.014400 -13.659222 221.236421 1.000000 0.853982 -17.387708 220.974650
0.802712 0.050257 -14.493538 180.866278 1.000000 0.804284 -3.163513 181.418481
0.804725 0.064249 15.519022 217.194542 1.000000 0.807286 32.755555 215.270488
0.816269 -0.030766 0.242609 188.239675 1.000000 0.816849 -6.847443 188.115248
0.814284 0.003061 9.248875 188.494006 1.000000 0.814290 9.957381 188.457906
0.736952 -0.011256 -7.551376 229.733861 1.000000 0.737038 -11.059132 229.591737
0.869770 0.028508 12.047780 214.134544 1.000000 0.870238 19.056126 213.624942
0.747308 -0.013670 30.177852 172.672784 1.000000 0.747433 27.014652 173.195848
0.756342 0.056487 -42.232890 218.535174 1.000000 0.758448 -25.839706 221.073627
0.780317 -0.023566 10.383340 192.626024 1.000000 0.780673 4.563795 192.851681
0.738331 0.014797 -7.822950 187.147287 1.000000 0.738479 -4.071479 187.266464
0.781604 -0.002191 10.293418 192.426143 1.000000 0.781607 9.754023 192.454239
0.773595 0.088400 -34.317364 211.950234 1.000000 0.778630 -10.032114 214.475966
0.767273 0.007574 16.260870 211.627376 1.000000 0.767311 18.349130 211.456548
0.784398 0.077587 -21.911233 191.653352 1.000000 0.788226 -2.940009 192.879408
0.861033 0.027192 -2.662645 202.496361 1.000000 0.861462 3.730432 202.479505
0.808876 0.057274 24.497487 196.723036 1.000000 0.810902 38.330923 194.501465
0.809217 -0.033058 -2.739721 232.618338 1.000000 0.809892 -12.232541 232.312639
0.829780 0.052713 13.970285 223.400869 1.000000 0.831453 28.105421 222.065762
0.770744 -0.004456 -23.680430 179.171210 1.000000 0.770757 -24.715857 179.031315
0.773862 -0.039755 -12.407039 165.349831 1.000000 0.774883 -20.873917 164.495534
0.812049 0.074407 -42.298132 178.148666 1.000000 0.815451 -25.866195 181.265052
0.787187 -0.043812 -0.195642 194.977040 1.000000 0.788405 -11.030244 194.664887
0.846681 -0.055103 2.066185 239.446476 1.000000 0.848473 -13.488680 239.075176
0.827743 -0.045358 0.704014 195.710069 1.000000 0.828985 -10.005421 195.455412
0.797803 0.030102 -29.315804 218.470284 1.000000 0.798371 -21.057782 219.420261
0.820262 -0.079945 29.581389 236.563721 1.000000 0.824149 6.494536 238.317590
0.744051 0.066524 -13.440316 223.209408 1.000000 0.747019 6.490454 223.519476
0.817616 0.016493 4.415279 184.061823 1.000000 0.817782 8.126561 183.935337
0.840766 -0.014098 -1.162679 209.176791 1.000000 0.840884 -4.669624 209.127894
0.742436 0.013418 17.832522 180.830084 1.000000 0.742557 21.097122 180.478336
0.850917 -0.025581 4.705231 254.054317 1.000000 0.851301 -2.931027 254.080979
0.874858 0.056808 -9.722667 229.992286 1.000000 0.876700 5.200674 230.138947
0.763296 0.056633 -8.748832 167.623625 1.000000 0.765394 3.677986 167.811484
0.848198 -0.040190 20.477882 209.759186 1.000000 0.849150 10.527146 210.493323
0.868482 -0.023794 2.945899 221.568321 1.000000 0.868808 -3.123253 221.565892
0.891726 -0.021232 -16.507023 250.206073 1.000000 0.891979 -22.458139 249.742253
0.726465 -0.027093 -10.460039 164.216310 1.000000 0.726970 -16.572857 163.712399
0.797280 0.064653 -24.143069 203.682954 1.000000 0.799897 -7.600963 204.967946
0.778552 0.049735 -25.969531 175.034458 1.000000 0.780139 -14.758013 176.333998
0.723423 0.034810 5.102972 184.477836 1.000000 0.724260 13.963659 184.019370
0.819895 -0.082577 -21.171651 206.850647 1.000000 0.824043 -41.793615 203.687807
0.784037 0.061762 1.245133 195.801596 1.000000 0.786465 16.617692 195.099122
0.809562 -0.084322 1.047393 201.579582 1.000000 0.813942 -19.841222 200.603466
0.786560 -0.019121 10.619067 205.302807 1.000000 0.786792 5.626643 205.500239
0.798239 -0.084721 18.767565 238.676242 1.000000 0.802722 -6.527692 239.323963
0.757779 -0.002584 -5.196182 222.727385 1.000000 0.757784 -5.955612 222.708372
0.743460 -0.012736 -5.114441 175.148061 1.000000 0.743569 -8.113674 175.034765
0.831317 0.014065 -12.550905 238.612147 1.000000 0.831436 -8.512707 238.790317
0.802109 -0.057687 -6.368749 214.902336 1.000000 0.804180 -21.768105 213.891853
0.809128 -0.041892 23.592985 218.557955 1.000000 0.810212 12.260792 219.485493
0.839496 0.071149 -8.618306 225.814831 1.000000 0.842506 10.482385 225.735980
0.803182 -0.022937 34.305483 224.408065 1.000000 0.803509 27.885591 225.295893
0.745687 0.039396 -16.771724 198.362772 1.000000 0.746727 -6.283094 198.971361
0.799381 -0.044889 -6.415183 201.718859 1.000000 0.800640 -17.714633 201.041897
0.811086 0.050994 0.848370 198.160350 1.000000 0.812688 13.280774 197.716629
0.807453 0.020700 -8.643497 213.542253 1.000000 0.807719 -3.167953 213.693631
0.770277 -0.010472 -11.177120 202.666464 1.000000 0.770348 -13.931122 202.495797
0.808764 -0.011410 -2.059405 216.959265 1.000000 0.808844 -5.119846 216.908623
0.830117 -0.044668 18.949471 225.877086 1.000000 0.831318 6.785278 226.568975
0.869050 -0.012693 55.112846 221.837674 1.000000 0.869143 51.867221 222.618892
0.768673 0.042914 -18.129989 207.590694 1.000000 0.769870 -6.530365 208.278533
0.760604 -0.016719 -2.595130 203.742164 1.000000 0.760788 -7.071918 203.635930
0.795387 -0.082470 60.483850 213.774264 1.000000 0.799651 38.114232 218.872195
0.745084 -0.007797 -7.091540 195.282058 1.000000 0.745125 -9.134476 195.197165
0.829154 0.059160 3.778026 210.228289 1.000000 0.831262 18.730173 209.426330
0.845959 0.063454 -12.333861 209.731651 1.000000 0.848335 3.388367 210.066676
0.889821 -0.018212 35.250371 211.743882 1.000000 0.890007 30.910116 212.420867
0.758193 -0.039541 35.132276 168.959505 1.000000 0.759224 26.285154 170.559907
0.803434 -0.047968 16.053917 227.770471 1.000000 0.804865 2.450721 228.322381
0.872377 -0.044120 13.342836 245.959072 1.000000 0.873492 0.902404 246.319066
0.751196 0.059900 -63.261029 164.501841 1.000000 0.753580 -49.985039 169.009791
0.727763 -0.030221 8.220535 192.254320 1.000000 0.728390 0.236926 192.429843
0.777666 0.037851 -26.962941 220.191962 1.000000 0.778587 -16.226302 221.242418
0.844183 0.018836 -3.588057 246.681682 1.000000 0.844393 1.915499 246.700339
0.858725 -0.041480 25.606178 208.579835 1.000000 0.859726 15.512883 209.572361
0.750191 0.059248 -34.584907 192.330357 1.000000 0.752527 -19.335092 194.456258
0.834005 -0.066389 56.707489 172.517079 1.000000 0.836644 42.839147 176.472914
0.786853 0.005025 19.027448 225.467219 1.000000 0.786869 20.466938 225.341109
0.796503 0.083832 -15.216662 211.464399 1.000000 0.800903 7.001386 211.895539
0.833554 0.058393 -19.904083 235.699619 1.000000 0.835597 -3.384233 236.514334
0.768740 0.041643 1.386948 196.329363 1.000000 0.769867 12.004653 195.966912
0.789942 -0.047269 12.926790 219.069972 1.000000 0.791355 -0.181657 219.450955
0.766819 0.075867 -22.102531 219.541175 1.000000 0.770563 -0.379996 220.650640
0.799760 -0.034718 39.238374 200.460319 1.000000 0.800513 30.507677 201.973442
0.810185 0.049800 -32.269999 181.991426 1.000000 0.811714 -21.043844 183.628398
0.886279 0.032260 -7.816873 260.676139 1.000000 0.886866 1.670421 260.787965
0.822524 -0.089083 2.915467 195.157459 1.000000 0.827334 -18.115080 194.336764
0.752160 -0.054325 35.067988 195.398544 1.000000 0.754119 20.900778 197.417102
0.782468 0.092542 -38.190629 196.311095 1.000000 0.787921 -14.869343 199.437892
0.877305 0.028379 -16.922996 232.517244 1.000000 0.877764 -9.396671 232.942824
0.744041 0.050732 7.723586 200.171608 1.000000 0.745769 21.322620 199.182510
0.795239 -0.004236 5.077732 203.453880 1.000000 0.795250 3.993858 203.478042
0.820275 0.058619 -14.934373 199.961651 1.000000 0.822367 -0.642836 200.517540
0.801672 0.039958 -20.974041 229.313245 1.000000 0.802667 -9.532401 230.073049
0.857940 -0.072514 55.738529 224.323268 1.000000 0.861000 36.647870 228.220608
0.797561 0.035693 -35.138149 185.151804 1.000000 0.798359 -26.825338 186.537614
0.826278 -0.077963 9.493149 185.385664 1.000000 0.829947 -7.963427 185.457672
0.822111 0.018144 -9.927533 210.817231 1.000000 0.822311 -5.273529 210.984954
0.737326 -0.044743 20.026344 215.777840 1.000000 0.738683 6.919540 216.594669
0.792047 0.051836 -34.681614 205.201610 1.000000 0.793741 -21.206655 207.028483
0.879354 0.059099 39.190426 252.690228 1.000000 0.881338 56.046747 249.493493
0.868737 -0.008042 -41.127580 211.444096 1.000000 0.868774 -43.083166 211.054316
0.776618 -0.005396 18.227002 192.665110 1.000000 0.776637 16.888009 192.787093
0.795369 0.004775 -14.618309 212.370791 1.000000 0.795383 -13.343091 212.454724
0.730696 0.012251 7.477255 221.539400 1.000000 0.730799 11.190014 221.382924
0.763213 0.015044 -10.885825 174.445743 1.000000 0.763361 -7.445876 174.626393
0.838244 -0.075108 9.927562 218.079965 1.000000 0.841602 -9.574317 218.095759
0.773637 -0.044569 23.247726 200.431781 1.000000 0.774920 11.681638 201.437074
0.799210 0.065875 -9.647673 213.243880 1.000000 0.801920 7.902080 213.315698
0.832287 0.035868 -25.026527 220.942442 1.000000 0.833059 -15.490573 221.815085
0.727247 0.054941 -7.770591 191.946033 1.000000 0.729319 6.711094 191.985996
0.840166 0.045570 4.215444 241.615815 1.000000 0.841401 17.295016 241.032891
0.711651 -0.010704 4.449634 181.278026 1.000000 0.711732 1.722734 181.324445
0.856767 0.017365 -30.191967 229.617383 1.000000 0.856943 -25.532784 230.182046
0.790520 0.053619 8.198750 204.671981 1.000000 0.792337 22.030605 203.647960
0.850402 -0.010545 21.125904 221.834321 1.000000 0.850467 18.373658 222.079216
0.752547 0.063663 -30.238425 217.625373 1.000000 0.755235 -11.785786 219.399774
0.802657 0.027772 1.167506 213.821439 1.000000 0.803138 8.560489 213.653198
0.724003 0.029128 -15.527452 196.055440 1.000000 0.724589 -7.633623 196.521157
0.807564 -0.022878 -0.418660 219.353540 1.000000 0.807888 -6.630098 219.253717
0.706785 -0.019019 26.732607 210.483113 1.000000 0.707040 21.061049 211.126041
0.864736 -0.040273 17.797985 218.044324 1.000000 0.865673 7.634935 218.636235
0.840755 -0.041902 6.005357 223.347770 1.000000 0.841798 -5.119499 223.369831
0.820864 -0.039083 25.309464 210.716926 1.000000 0.821794 15.259447 211.682170
0.805606 0.077633 -8.680162 210.263788 1.000000 0.809338 11.528713 210.126853
0.726413 0.053374 -41.047243 187.809190 1.000000 0.728371 -27.174512 190.312148
0.837953 -0.010199 9.250606 218.809646 1.000000 0.838015 6.587017 218.906021
0.743351 -0.067911 22.558333 194.081237 1.000000 0.746447 4.807469 195.328680
0.793356 0.047207 -9.462395 210.796420 1.000000 0.794759 3.075188 210.986281
0.833334 0.047090 2.791052 230.686138 1.000000 0.834663 15.801394 230.161248
0.777652 -0.041654 11.083133 198.097255 1.000000 0.778767 0.471678 198.406491
0.816194 -0.002448 24.464671 229.001964 1.000000 0.816198 23.777747 229.074308
0.717014 0.022459 -22.773386 190.029530 1.000000 0.717366 -16.812915 190.649351
0.865168 -0.034655 20.978442 222.714862 1.000000 0.865862 12.047687 223.376047
0.725281 -0.051472 38.358424 183.392020 1.000000 0.727105 25.279841 185.647331
0.731552 0.010270 -8.124353 182.326717 1.000000 0.731624 -5.564276 182.422793
0.841151 0.063341 -26.685085 212.349122 1.000000 0.843533 -10.664298 213.753400
0.805297 -0.033742 43.501135 224.972489 1.000000 0.806003 34.045018 226.596351
0.822659 0.014160 21.450343 190.917764 1.000000 0.822781 24.732810 190.520335
0.739588 -0.010733 24.592549 190.488959 1.000000 0.739666 21.825860 190.825755
0.782694 -0.008775 8.489122 219.377380 1.000000 0.782743 6.029187 219.458764
0.784631 -0.028599 -0.840569 233.832791 1.000000 0.785152 -9.357289 233.647002
0.754673 0.066750 8.406282 208.051910 1.000000 0.757619 26.703949 206.502208
0.772803 0.041658 -33.897103 240.403997 1.000000 0.773925 -20.907742 241.880056
0.863575 -0.029051 44.215935 228.229472 1.000000 0.864063 36.517446 229.587057
0.868990 -0.035708 -3.526549 221.841827 1.000000 0.869723 -12.631665 221.509985
0.786833 -0.055760 21.618472 214.738886 1.000000 0.788807 6.384753 215.729883
0.781812 -0.084495 43.917982 222.701866 1.000000 0.786365 19.734335 226.131524
0.766129 0.026933 19.406476 184.036618 1.000000 0.766603 25.860237 183.241197
0.710597 -0.020340 2.610038 207.415484 1.000000 0.710889 -3.325529 207.405246
0.779965 -0.076935 14.854486 205.152282 1.000000 0.783750 -5.355442 205.619634
0.785393 -0.063281 3.637160 215.373265 1.000000 0.787938 -13.671692 214.969665
0.725681 -0.030589 12.728577 210.566022 1.000000 0.726326 3.849424 210.915263
0.802501 -0.011096 26.358583 241.179162 1.000000 0.802577 23.021537 241.520542
0.768540 -0.008869 10.789216 200.026050 1.000000 0.768591 8.480354 200.137232
0.862733 0.030176 -15.608287 250.603124 1.000000 0.863261 -6.838849 250.995567
0.728280 -0.012712 -7.295711 181.987139 1.000000 0.728391 -10.470771 181.832091
0.802926 -0.023518 3.657053 199.787133 1.000000 0.803271 -2.193913 199.808557
0.811019 0.065298 -38.972811 237.999070 1.000000 0.813644 -19.746721 240.359116
0.776091 0.040704 8.230129 210.344777 1.000000 0.777158 19.235823 209.625006
0.798900 -0.067485 7.433117 222.675079 1.000000 0.801745 -11.336462 222.510509
0.748985 -0.061373 0.202547 187.191967 1.000000 0.751496 -15.085762 186.583207
0.765877 0.011132 8.182083 172.116290 1.000000 0.765958 10.682585 171.979203
0.814913 -0.036672 -11.603860 235.796100 1.000000 0.815737 -22.192384 235.036058
0.791123 0.086272 -52.384202 219.051631 1.000000 0.795813 -28.328624 223.439502
0.771426 -0.031179 -6.983303 174.217495 1.000000 0.772056 -14.013197 173.793361
0.759335 -0.062337 43.031938 206.747190 1.000000 0.761890 25.971856 209.574834
0.813937 -0.057415 14.535232 220.262898 1.000000 0.815959 -0.999613 220.739706
0.753187 0.024679 -26.285915 197.087996 1.000000 0.753591 -19.817575 197.843098
0.847658 -0.034963 -11.913861 221.940370 1.000000 0.848379 -21.050157 221.260839
0.768176 -0.070688 17.034312 165.714833 1.000000 0.771422 1.777626 166.578551
0.740510 0.048276 -9.314945 196.538454 1.000000 0.742082 3.490518 196.728108
0.766712 0.003924 -12.003151 181.325689 1.000000 0.766722 -11.074972 181.384746
0.866808 -0.022849 -18.763674 221.047995 1.000000 0.867109 -24.581954 220.476800
0.779544 0.034579 -21.527817 204.363783 1.000000 0.780311 -12.450498 205.117010
0.832610 -0.068221 42.318189 211.332235 1.000000 0.835400 24.918905 214.082206
0.756963 -0.033930 14.621163 192.331010 1.000000 0.757723 5.994226 192.792803
0.789071 -0.042539 47.759373 205.910486 1.000000 0.790217 36.605579 208.182895
0.803346 0.001470 8.275224 197.367296 1.000000 0.803347 8.636394 197.351822
0.849277 -0.030431 -8.409833 183.341311 1.000000 0.849822 -14.969701 182.922578
0.811427 -0.068856 8.566590 205.848026 1.000000 0.814344 -8.869345 205.835203
0.817848 0.042929 -37.669438 227.409117 1.000000 0.818974 -25.697244 229.071047
0.762963 0.079478 10.729353 223.854610 1.000000 0.767092 33.865123 221.538166
0.850096 -0.069566 32.328545 196.796531 1.000000 0.852938 16.170126 198.777605
0.749815 0.067293 -15.712807 169.456633 1.000000 0.752829 -0.502660 170.182814
0.787287 -0.032021 3.682920 201.840063 1.000000 0.787938 -4.522776 201.822991
0.792404 0.028964 12.684340 215.034770 1.000000 0.792933 20.530652 214.427930
0.804457 -0.052943 24.254359 186.809381 1.000000 0.806197 11.934183 187.998920
0.816177 -0.048934 5.187924 226.122874 1.000000 0.817643 -8.354251 226.028041
0.756293 -0.007355 -6.686902 217.689685 1.000000 0.756328 -8.803541 217.614364
0.865628 -0.053296 14.105744 200.980487 1.000000 0.867267 1.728187 201.467470
0.730674 0.012888 -5.308875 178.640235 1.000000 0.730788 -2.157645 178.706078
0.762119 0.002525 10.256407 236.354916 1.000000 0.762124 11.039492 236.319634
0.759159 -0.051835 36.798273 206.453634 1.000000 0.760926 22.648980 208.480789
0.770947 -0.012838 9.834790 146.529208 1.000000 0.771054 7.393697 146.672646
0.778931 0.035536 -30.678181 220.138091 1.000000 0.779741 -20.613683 221.307492
0.829001 0.033613 9.481947 214.912162 1.000000 0.829682 18.180994 214.351572
0.831814 0.087716 -16.978881 232.676877 1.000000 0.836426 7.515633 233.174456
0.733900 -0.015383 -14.275031 167.843802 1.000000 0.734061 -17.789337 167.507785
0.766965 -0.070307 29.123870 208.370062 1.000000 0.770180 9.980985 210.158660
0.817018 -0.070450 28.247075 201.405804 1.000000 0.820050 10.839893 203.087892
0.823003 -0.039938 -1.583034 232.591764 1.000000 0.823972 -12.854925 232.241653
0.761508 -0.000254 6.675589 189.328913 1.000000 0.761508 6.612323 189.331134
0.753577 0.003559 9.840163 167.345203 1.000000 0.753585 10.630367 167.296866
0.828972 -0.036363 10.055846 258.168290 1.000000 0.829769 -1.267667 258.360947
0.817119 -0.013893 7.518994 211.848775 1.000000 0.817237 3.916495 211.945984
0.786926 0.031037 -8.900482 215.585203 1.000000 0.787538 -0.397289 215.768488
0.775981 0.028619 -21.123609 207.360572 1.000000 0.776509 -13.466793 207.998219
0.875701 -0.014310 9.277140 260.022902 1.000000 0.875817 5.027450 260.139769
0.800222 0.006947 -16.490351 226.744547 1.000000 0.800252 -14.521465 226.879149
0.786242 0.018707 -17.506448 214.877277 1.000000 0.786465 -12.390461 215.232889
0.804676 0.035849 -10.881235 230.989185 1.000000 0.805474 -0.589870 231.244583
0.802654 0.027700 12.546664 212.372339 1.000000 0.803132 19.863950 211.813249
0.871213 0.025493 0.447389 268.810320 1.000000 0.871586 8.309484 268.682230
0.798129 0.000130 -6.788370 207.233952 1.000000 0.798129 -6.754689 207.235053
0.857467 -0.009361 -12.649721 213.726615 1.000000 0.857518 -14.982141 213.575787
0.790714 0.065724 -10.520502 209.273364 1.000000 0.793441 6.850667 209.425620
0.799904 0.053885 -14.163300 199.090766 1.000000 0.801717 -0.750042 199.592509
0.780874 0.056300 -16.132283 181.933181 1.000000 0.782901 -3.007450 182.622256
0.851951 -0.028551 36.645084 209.520942 1.000000 0.852430 29.606957 210.630756
0.766101 0.024718 -23.531401 204.404771 1.000000 0.766500 -16.927420 205.057308
0.756811 -0.008129 -10.175210 204.665495 1.000000 0.756854 -12.372884 204.544400
0.880258 0.027588 -22.976413 252.498645 1.000000 0.880690 -15.055611 253.094468
0.862054 0.028790 -0.156580 244.397942 1.000000 0.862535 8.001097 244.266987
0.796801 0.081915 -1.910802 175.471118 1.000000 0.801000 16.043882 174.746554
0.837875 0.030921 10.809789 231.014379 1.000000 0.838446 19.322078 230.458570
0.762843 0.012573 20.858817 209.208410 1.000000 0.762947 24.303519 208.836271
0.710511 -0.005228 10.496391 182.204830 1.000000 0.710530 9.155400 182.277132
0.798001 0.027134 7.448752 219.371157 1.000000 0.798463 14.899189 218.991330
0.804549 0.058978 -6.227542 211.093866 1.000000 0.806707 9.222027 210.984257
0.850102 -0.053786 -7.734416 240.422365 1.000000 0.851802 -22.900094 239.454214
0.786125 -0.054265 33.157211 225.272361 1.000000 0.787996 17.565137 227.020932
0.765674 -0.057244 4.895859 208.140733 1.000000 0.767811 -10.635725 207.926467
0.725903 0.001632 -6.404084 207.868967 1.000000 0.725905 -5.936720 207.882840
0.818163 0.037844 -12.666861 215.549045 1.000000 0.819038 -2.693811 215.904108
0.756845 0.064070 -13.038907 215.992856 1.000000 0.759552 5.227015 216.322919
0.772518 0.058599 -9.771388 219.182061 1.000000 0.774738 6.834892 219.293274
0.856175 -0.077179 37.775120 221.486117 1.000000 0.859647 17.737458 223.983129
0.834984 0.035534 6.886739 211.162847 1.000000 0.835740 15.858747 210.679081
0.779085 0.000670 -30.805386 214.171589 1.000000 0.779085 -30.621261 214.197992
0.820441 0.010503 10.724340 242.514685 1.000000 0.820508 13.827840 242.357535
0.822809 -0.064689 30.927383 234.394524 1.000000 0.825348 12.460852 236.097487
0.760961 -0.025421 30.608171 230.946226 1.000000 0.761386 22.880449 231.839394
0.795682 -0.036467 29.259336 209.542827 1.000000 0.796518 19.635273 210.662671
0.809936 0.012708 18.652133 200.965663 1.000000 0.810036 21.802750 200.648299
0.795075 -0.048404 -10.585919 244.035379 1.000000 0.796547 -25.395858 242.941100
0.799487 -0.011814 1.741521 221.827563 1.000000 0.799574 -1.536298 221.829079
0.814225 0.083594 -22.912780 206.825089 1.000000 0.818505 -1.669928 208.083695
0.780395 -0.061158 -1.668584 209.920967 1.000000 0.782788 -18.064387 209.148929
0.775305 -0.073122 0.837774 213.044705 1.000000 0.778745 -19.170190 212.182119
0.737047 0.008721 -38.300231 170.453102 1.000000 0.737099 -36.280799 170.894328
0.829005 -0.045726 -9.068276 211.670764 1.000000 0.830265 -20.711950 210.850091
0.782507 0.060396 -3.255976 184.826014 1.000000 0.784834 10.976671 184.528506
0.725692 -0.012824 -36.150678 167.163441 1.000000 0.725805 -39.098559 166.498619
0.729126 -0.020981 9.061139 199.840623 1.000000 0.729428 3.309216 200.018569
0.752565 0.018903 -16.414999 209.478927 1.000000 0.752802 -11.149642 209.825066
0.873388 0.010685 -1.504582 229.285780 1.000000 0.873453 1.300454 229.287029
0.854707 -0.056727 -11.056526 174.260614 1.000000 0.856588 -22.572461 173.145870
0.812816 -0.017492 -0.659156 185.803585 1.000000 0.813004 -4.656644 185.746393
0.818551 -0.012268 27.004989 224.049151 1.000000 0.818643 23.644457 224.428677
0.836798 -0.023093 -19.860164 205.654633 1.000000 0.837117 -25.525987 205.028481
0.826668 -0.042134 22.720138 192.740510 1.000000 0.827741 12.879794 193.647153
0.852879 0.072472 -10.237633 253.757421 1.000000 0.855953 11.284357 253.713029
0.793136 -0.079271 11.351429 207.084152 1.000000 0.797087 -9.299498 207.186438
0.752860 -0.007282 -6.554638 177.487046 1.000000 0.752895 -8.270920 177.415351
0.828576 -0.077675 36.396884 197.509311 1.000000 0.832209 17.803333 200.044251
0.749752 0.015551 -8.613053 190.586828 1.000000 0.749913 -4.659111 190.724452
0.733891 0.019123 -5.560068 185.657532 1.000000 0.734140 -0.722058 185.739366
0.840992 0.054017 -28.053291 210.833191 1.000000 0.842725 -14.481629 212.197795
0.818969 -0.051069 16.859464 235.061215 1.000000 0.820560 2.197239 235.654808
0.764142 -0.004772 -0.132072 184.526404 1.000000 0.764157 -1.284362 184.521982
0.750736 0.035272 -20.962365 188.656624 1.000000 0.751564 -12.085241 189.432546
0.791770 0.005197 -21.396764 220.426197 1.000000 0.791788 -19.949597 220.561881
0.784884 -0.008698 -7.528815 230.235131 1.000000 0.784932 -10.079512 230.137572
0.777297 0.009211 -58.501300 240.454701 1.000000 0.777352 -55.647983 241.131017
0.733706 0.036790 -19.714947 227.359871 1.000000 0.734628 -8.304159 228.061902
0.739339 -0.026354 -18.348449 206.319417 1.000000 0.739809 -25.686451 205.534848
0.788035 -0.071347 -14.155178 189.190739 1.000000 0.791258 -31.156611 187.143716
0.843346 0.055639 -28.563946 216.908592 1.000000 0.845179 -14.222680 218.318464
0.752419 0.032659 22.231378 167.493188 1.000000 0.753128 29.473820 166.371561
0.772917 0.047802 4.676718 212.952736 1.000000 0.774394 17.813103 212.257939
0.828836 0.006714 0.220338 220.183745 1.000000 0.828863 2.003935 220.174736
0.835929 -0.043603 27.468558 210.110784 1.000000 0.837065 16.486501 211.256381
0.822415 -0.000827 -20.038965 218.503978 1.000000 0.822415 -20.258700 218.483714
0.760671 -0.063522 8.061353 186.616275 1.000000 0.763319 -7.496536 186.639818
0.871091 0.001178 -15.304060 235.052733 1.000000 0.871092 -14.986089 235.073220
0.833957 0.005390 -19.734830 209.051629 1.000000 0.833975 -18.383381 209.174804
0.795348 0.069607 -13.347545 186.060994 1.000000 0.798388 2.924789 186.516209
0.856316 0.037726 -2.120722 229.078183 1.000000 0.857146 7.963953 228.949529
0.876472 -0.014364 15.931997 225.031600 1.000000 0.876589 12.242324 225.262458
0.787084 -0.041085 3.729208 203.560635 1.000000 0.788156 -6.887115 203.478271
0.885001 0.031519 26.096149 240.674060 1.000000 0.885562 34.645725 239.592750
0.816781 -0.069722 16.583535 208.228107 1.000000 0.819752 -1.186816 208.884058
0.814434 -0.080857 16.684582 185.509036 1.000000 0.818438 -1.724176 186.249845
0.829975 0.077358 -5.308901 195.087147 1.000000 0.833573 12.818766 194.737923
0.773108 0.028307 -2.679631 204.617612 1.000000 0.773626 4.809117 204.578640
0.789752 -0.056518 17.699758 208.182881 1.000000 0.791772 2.794166 208.915260
0.858407 0.011749 -1.909233 223.206567 1.000000 0.858487 1.145695 223.211792
0.844296 -0.026776 -24.599887 212.332558 1.000000 0.844721 -31.318173 211.446073
0.871178 -0.000497 8.854571 209.464474 1.000000 0.871178 8.735090 209.469491
0.858222 0.026954 -19.090528 223.658032 1.000000 0.858645 -12.060304 224.147078
0.850535 0.045227 -12.043432 213.310734 1.000000 0.851737 -0.699615 213.649301
0.775375 -0.024721 -4.750212 197.667711 1.000000 0.775769 -11.046748 197.415952
0.780713 0.004226 -18.704069 201.713741 1.000000 0.780724 -17.611855 201.812037
0.734803 -0.038630 6.002204 208.012754 1.000000 0.735818 -4.926645 208.041007
0.819762 -0.049821 40.299904 216.159580 1.000000 0.821274 27.112708 218.206203
0.823229 0.030471 -0.792016 216.692980 1.000000 0.823793 7.223628 216.573992
0.758713 0.064804 -40.028858 175.791980 1.000000 0.761476 -24.923163 178.560818
0.767749 0.009185 -13.067705 156.723154 1.000000 0.767804 -11.192000 156.868260
0.878923 -0.017492 -1.158254 253.617367 1.000000 0.879097 -6.204485 253.544108
0.776465 -0.004049 4.802488 217.276618 1.000000 0.776476 3.669508 217.298705
0.754566 -0.083672 38.768500 190.815514 1.000000 0.759191 17.502022 193.925852
0.710920 -0.002175 14.120368 229.265640 1.000000 0.710924 13.419041 229.307758
0.777146 -0.086015 19.139965 222.979801 1.000000 0.781891 -5.505916 223.732016
0.815161 -0.032881 19.786725 171.133983 1.000000 0.815824 12.873209 171.792419
0.851700 -0.057298 19.635915 282.355666 1.000000 0.853625 0.639052 283.036894
0.836072 0.015330 -3.249106 238.639901 1.000000 0.836212 1.126251 238.659361
0.764903 -0.078905 14.849420 199.057090 1.000000 0.768962 -5.654663 199.530086
0.856442 -0.046049 3.968411 198.377032 1.000000 0.857679 -6.688318 198.303962
0.775702 -0.060597 35.688874 228.701598 1.000000 0.778065 17.768931 230.786442
0.749442 -0.072364 3.310427 200.692715 1.000000 0.752927 -15.993634 200.081805
0.740021 -0.043576 26.505915 201.282253 1.000000 0.741303 14.627985 202.492299
0.738327 0.007737 -10.544799 193.725901 1.000000 0.738367 -8.514198 193.825761
0.748127 0.000128 -0.567936 199.902079 1.000000 0.748127 -0.533651 199.902173
0.783525 -0.027488 18.648519 204.737620 1.000000 0.784007 11.458834 205.265573
0.819312 -0.040188 20.215164 208.186269 1.000000 0.820297 9.991551 208.926648
0.846689 0.004461 -6.823725 199.584478 1.000000 0.846700 -5.772113 199.617659
0.843477 0.019356 -17.172258 247.142022 1.000000 0.843699 -11.497706 247.470944
0.792963 -0.066920 0.904856 180.004982 1.000000 0.795782 -14.235580 179.443475
0.818644 0.052295 -21.618348 199.401839 1.000000 0.820313 -8.862370 200.374411
0.804535 0.012211 -9.877126 192.898719 1.000000 0.804627 -6.948563 193.026399
0.799987 -0.054341 18.242697 205.046175 1.000000 0.801830 4.304511 205.811081
0.864162 0.036031 -23.358755 192.444510 1.000000 0.864913 -15.321500 193.250543
0.762149 0.047322 -27.674696 208.069931 1.000000 0.763616 -14.727132 209.385043
0.876650 -0.030646 19.772513 248.912912 1.000000 0.877185 11.064259 249.451743
0.763560 0.031069 -29.711799 180.478989 1.000000 0.764191 -22.349748 181.537724
0.886172 -0.017810 26.390362 274.550469 1.000000 0.886351 20.868284 275.025319
0.741126 0.039839 8.111888 188.723725 1.000000 0.742196 18.230406 188.016222
0.786660 -0.044370 33.019321 207.899892 1.000000 0.787910 21.259417 209.429410
0.787962 0.074240 -10.019842 203.686291 1.000000 0.791452 9.130645 203.728088
0.836775 -0.023741 5.722197 217.129036 1.000000 0.837112 -0.438103 217.203982
0.750896 0.021646 -7.239070 181.040670 1.000000 0.751208 -2.019305 181.174090
0.848525 -0.001595 2.409551 222.374867 1.000000 0.848527 1.991523 222.379003
0.872905 0.039197 7.266349 223.982489 1.000000 0.873784 17.306536 223.431062
0.829460 -0.039600 -2.506831 229.890471 1.000000 0.830405 -13.466993 229.509374
0.874244 0.007397 -34.790890 218.530672 1.000000 0.874276 -32.940762 218.817200
0.723448 -0.023637 27.313831 195.074958 1.000000 0.723834 20.929146 195.862849
0.786231 0.045240 -9.448417 174.737924 1.000000 0.787532 0.605162 174.992138
0.719298 0.043849 -7.665144 169.974703 1.000000 0.720633 2.691626 170.126157
0.717740 0.030773 -31.855618 216.478649 1.000000 0.718399 -22.553441 217.644500
0.707482 -0.003552 -25.889976 203.684899 1.000000 0.707491 -26.912226 203.552355
0.822909 -0.011914 -4.121671 208.837321 1.000000 0.822995 -7.144575 208.755766
0.828392 0.019426 -18.213562 247.950886 1.000000 0.828620 -12.395579 248.309737
0.868779 0.039706 -32.178914 234.630369 1.000000 0.869686 -21.433251 235.854846
0.793520 -0.054184 2.622595 203.965543 1.000000 0.795368 -11.278557 203.670359
0.786063 -0.091234 0.125005 204.745694 1.000000 0.791340 -23.481139 203.394815
0.796189 -0.003894 19.822252 235.828537 1.000000 0.796198 18.668786 235.922651
0.843490 0.024191 -31.952712 237.062637 1.000000 0.843837 -25.143588 237.881209
0.859996 -0.001564 11.978049 192.875173 1.000000 0.859998 11.627338 192.896633
0.844066 -0.072870 12.109958 226.975156 1.000000 0.847205 -7.457449 227.175613
0.730836 -0.036259 8.684883 189.820834 1.000000 0.731735 -0.731851 190.018001
0.844310 0.051334 -16.645504 213.431789 1.000000 0.845869 -3.661992 214.048572
0.765886 0.036994 -24.231227 208.966187 1.000000 0.766779 -14.121124 209.891909
0.749315 0.001069 16.219261 199.103479 1.000000 0.749315 16.503306 199.080136
0.823268 0.006149 10.964378 223.446696 1.000000 0.823291 12.633057 223.358567
0.793950 0.043738 13.672821 223.971429 1.000000 0.795154 25.971833 222.880261
0.853897 -0.005886 7.060961 207.719161 1.000000 0.853917 5.629038 207.762896
0.787342 0.069866 4.356127 199.746870 1.000000 0.790436 21.994670 198.580016
0.820720 0.066556 -47.566913 206.982765 1.000000 0.823414 -30.680909 210.150322
0.882522 0.042183 -32.676516 216.834307 1.000000 0.883530 -22.286861 218.147123
0.880851 -0.010589 13.741505 205.298764 1.000000 0.880915 11.272724 205.449111
0.834847 0.039498 -19.479022 210.953448 1.000000 0.835781 -9.487780 211.638304
0.788124 0.024178 -0.981576 216.064370 1.000000 0.788494 5.644229 215.992866
0.845844 0.020912 -5.453820 238.192790 1.000000 0.846102 0.434947 238.254822
0.878335 -0.026994 17.640546 241.278974 1.000000 0.878750 10.220525 241.706998
0.817492 0.043267 17.552436 209.993358 1.000000 0.818636 28.626615 208.772161
0.802142 0.028469 -25.179425 194.048858 1.000000 0.802647 -18.280817 194.819851
0.880908 -0.023816 8.419228 243.525756 1.000000 0.881230 1.834550 243.664342
0.779089 -0.008199 -17.508153 206.675390 1.000000 0.779132 -19.682018 206.479709
0.747308 -0.036126 24.243222 197.438187 1.000000 0.748181 14.681624 198.378480
0.751069 -0.014115 27.912185 195.815114 1.000000 0.751202 24.227812 196.305023
0.766047 0.033835 -22.497439 181.670820 1.000000 0.766793 -14.459353 182.486572
0.815006 -0.011348 3.330394 191.595991 1.000000 0.815085 0.662600 191.623788
0.765479 -0.046140 4.243991 210.811372 1.000000 0.766868 -8.447611 210.684797
0.813480 -0.090161 57.791506 230.444081 1.000000 0.818461 32.054264 235.407852
0.738827 0.005160 -19.116050 197.502696 1.000000 0.738845 -17.736246 197.631384
0.772958 -0.078532 40.814209 217.160157 1.000000 0.776937 18.654831 220.173411
0.741606 -0.053451 20.080947 159.149079 1.000000 0.743529 8.588042 160.180896
0.783887 -0.022850 -16.470819 187.071329 1.000000 0.784220 -21.914495 186.511997
0.834876 -0.045663 25.036430 224.394637 1.000000 0.836123 12.744227 225.427063
0.767012 -0.067217 18.508719 186.929436 1.000000 0.769952 2.119016 187.831565
0.765710 -0.038238 16.094487 197.055569 1.000000 0.766664 6.246115 197.613046
0.760093 0.005401 -10.281118 194.959021 1.000000 0.760112 -8.895462 195.027157
0.757988 -0.009981 3.333705 223.365709 1.000000 0.758054 0.392484 223.390241
0.817450 -0.038320 12.737079 224.206776 1.000000 0.818348 2.224445 224.557261
0.837805 -0.068307 31.306131 212.456465 1.000000 0.840585 13.938094 214.297813
0.863519 -0.031044 -0.088907 242.791538 1.000000 0.864077 -8.811844 242.631593
0.860709 0.015845 -16.703199 237.726421 1.000000 0.860855 -12.324658 237.993594
0.796385 0.037733 -28.446280 197.672611 1.000000 0.797279 -19.059043 198.797396
0.843654 -0.054124 15.088134 263.531017 1.000000 0.845389 -1.814792 263.956351
0.760227 0.087478 0.211157 196.074829 1.000000 0.765244 22.623831 194.765360
0.846006 -0.066212 19.451730 208.306812 1.000000 0.848593 3.139080 209.189493
0.824885 0.064493 1.971780 236.970346 1.000000 0.827402 20.436740 236.095685
0.797166 0.008133 -1.057219 198.909876 1.000000 0.797208 0.972037 198.910310
0.868985 -0.038078 22.034505 233.061040 1.000000 0.869819 11.810738 233.802212
0.878537 -0.013111 11.431746 232.888154 1.000000 0.878635 7.955348 233.032808
0.819946 -0.023596 8.372603 188.347634 1.000000 0.820286 2.951134 188.510537
0.740751 0.013753 -0.449902 206.346640 1.000000 0.740879 3.380648 206.319435
0.723825 -0.017586 -11.057398 200.215924 1.000000 0.724039 -15.917260 199.888276
0.780848 -0.015049 -17.030873 178.879809 1.000000 0.780993 -20.474539 178.518430
0.817058 0.064565 -37.089191 216.266278 1.000000 0.819605 -19.937500 218.515919
0.858045 -0.024884 24.845792 203.906260 1.000000 0.858405 18.924368 204.540813
